1.45742270 1.29930170 -0.01881144 0.01177695 33.35875427
1.45742271 1.29930170 -0.01881144 0.01177695 33.35872823
1.45742270 1.29930171 -0.01881144 0.01177695 33.35872438
1.45742270 1.29930170 -0.01881143 0.01177695 33.35875443
1.45742270 1.29930170 -0.01881144 0.01177696 33.35875441
1.10000000 1.10000000 0.05000000 0.05000000 10.23935975
1.10000001 1.10000000 0.05000000 0.05000000 10.23935399
1.10000000 1.10000001 0.05000000 0.05000000 10.23935399
1.10000000 1.10000000 0.04999999 0.05000000 10.23935959
1.10000000 1.10000000 0.05000000 0.04999999 10.23935959
1.35307963 1.24111919 0.00127681 0.02293547 10.55323492
1.35307964 1.24111919 0.00127681 0.02293547 10.55322176
1.35307963 1.24111920 0.00127681 0.02293547 10.55322034
1.35307963 1.24111919 0.00127682 0.02293547 10.55323512
1.35307963 1.24111919 0.00127681 0.02293548 10.55323510
1.43225792 1.28526962 -0.01396668 0.01446809 11.35620139
1.43225793 1.28526962 -0.01396668 0.01446809 11.35619556
1.43225792 1.28526963 -0.01396668 0.01446809 11.35619477
1.43225792 1.28526962 -0.01396667 0.01446809 11.35620153
1.43225792 1.28526962 -0.01396668 0.01446810 11.35620151
1.45196701 1.29625956 -0.01776110 0.01236038 16.14818897
1.45196702 1.29625956 -0.01776110 0.01236038 16.14819879
1.45196701 1.29625957 -0.01776110 0.01236038 16.14820019
1.45196701 1.29625956 -0.01776109 0.01236038 16.14818867
1.45196701 1.29625956 -0.01776110 0.01236039 16.14818871
1.45661287 1.29885013 -0.01865553 0.01186355 26.69016284
1.45661288 1.29885013 -0.01865553 0.01186355 26.69020481
1.45661287 1.29885014 -0.01865553 0.01186355 26.69021083
1.45661287 1.29885013 -0.01865552 0.01186355 26.69016149
1.45661287 1.29885013 -0.01865553 0.01186356 26.69016166
1.45735214 1.29926236 -0.01879785 0.01178449 33.62617978
1.45735215 1.29926236 -0.01879785 0.01178449 33.62617252
1.45735214 1.29926237 -0.01879785 0.01178449 33.62617142
1.45735214 1.29926236 -0.01879784 0.01178449 33.62617962
1.45735214 1.29926236 -0.01879785 0.01178450 33.62617964
1.45732511 1.29924712 -0.01879340 0.01178674 33.62326645
1.45732512 1.29924712 -0.01879340 0.01178674 33.62327487
1.45732511 1.29924713 -0.01879340 0.01178674 33.62327602
1.45732511 1.29924712 -0.01879339 0.01178674 33.62326579
1.45732511 1.29924712 -0.01879340 0.01178675 33.62326588
1.45733978 1.29925539 -0.01879582 0.01178552 33.63362982
1.45733979 1.29925539 -0.01879582 0.01178552 33.63362969
1.45733978 1.29925540 -0.01879582 0.01178552 33.63362962
1.45733978 1.29925539 -0.01879581 0.01178552 33.63362944
1.45733978 1.29925539 -0.01879582 0.01178553 33.63362949
1.45733967 1.29925522 -0.01879630 0.01178510 33.63362203
1.45733968 1.29925522 -0.01879630 0.01178510 33.63366573
1.45733967 1.29925523 -0.01879630 0.01178510 33.63366567
1.45733967 1.29925522 -0.01879629 0.01178510 33.63362164
1.45733967 1.29925522 -0.01879630 0.01178511 33.63362169
1.45733972 1.29925530 -0.01879607 0.01178530 33.63364938
1.45733973 1.29925530 -0.01879607 0.01178530 33.63364930
1.45733972 1.29925531 -0.01879607 0.01178530 33.63364923
1.45733972 1.29925530 -0.01879606 0.01178530 33.63364899
1.45733972 1.29925530 -0.01879607 0.01178531 33.63364904
1.45733969 1.29925525 -0.01879622 0.01178517 33.63366026
1.45733970 1.29925525 -0.01879622 0.01178517 33.63366021
1.45733969 1.29925526 -0.01879622 0.01178517 33.63366014
1.45733969 1.29925525 -0.01879621 0.01178517 33.63365987
1.45733969 1.29925525 -0.01879622 0.01178518 33.63365992
1.45733967 1.29925523 -0.01879627 0.01178513 33.63366390
1.45733968 1.29925523 -0.01879627 0.01178513 33.63366386
1.45733967 1.29925524 -0.01879627 0.01178513 33.63366380
1.45733967 1.29925523 -0.01879626 0.01178513 33.63366351
1.45733967 1.29925523 -0.01879627 0.01178514 33.63366356
1.45733906 1.29925192 -0.01881001 0.01177331 33.63435360
1.45733907 1.29925192 -0.01881001 0.01177331 33.63435483
1.45733906 1.29925193 -0.01881001 0.01177331 33.63435495
1.45733906 1.29925192 -0.01881000 0.01177331 33.63435317
1.45733906 1.29925192 -0.01881001 0.01177332 33.63435323
1.45734010 1.29924619 -0.01883971 0.01174791 33.63560570
1.45734011 1.29924619 -0.01883971 0.01174791 33.63560829
1.45734010 1.29924620 -0.01883971 0.01174791 33.63560861
1.45734010 1.29924619 -0.01883970 0.01174791 33.63560523
1.45734010 1.29924619 -0.01883971 0.01174792 33.63560530
1.45734699 1.29922913 -0.01893866 0.01166350 33.63942134
1.45734700 1.29922913 -0.01893866 0.01166350 33.63942643
1.45734699 1.29922914 -0.01893866 0.01166350 33.63942711
1.45734699 1.29922913 -0.01893865 0.01166350 33.63942080
1.45734699 1.29922913 -0.01893866 0.01166351 33.63942087
1.45736844 1.29919040 -0.01917957 0.01145824 33.64803503
1.45736845 1.29919040 -0.01917957 0.01145824 33.64804347
1.45736844 1.29919041 -0.01917957 0.01145824 33.64804463
1.45736844 1.29919040 -0.01917956 0.01145824 33.64803442
1.45736844 1.29919040 -0.01917957 0.01145825 33.64803450
1.45742536 1.29910382 -0.01974315 0.01097844 33.66726869
1.45742537 1.29910382 -0.01974315 0.01097844 33.66728100
1.45742536 1.29910383 -0.01974315 0.01097844 33.66728273
1.45742536 1.29910382 -0.01974314 0.01097844 33.66726803
1.45742536 1.29910382 -0.01974315 0.01097845 33.66726812
1.45753306 1.29895863 -0.02072265 0.01014507 33.70010655
1.45753307 1.29895863 -0.02072265 0.01014507 33.70011867
1.45753306 1.29895864 -0.02072265 0.01014507 33.70012039
1.45753306 1.29895863 -0.02072264 0.01014507 33.70010599
1.45753306 1.29895863 -0.02072265 0.01014508 33.70010606
1.45770309 1.29874662 -0.02223687 0.00885677 33.73447218
1.45770310 1.29874662 -0.02223687 0.00885677 33.73448180
1.45770309 1.29874663 -0.02223687 0.00885677 33.73448319
1.45770309 1.29874662 -0.02223686 0.00885677 33.73447185
1.45770309 1.29874662 -0.02223687 0.00885678 33.73447190
1.45775441 1.29869996 -0.02263108 0.00852168 33.74614970
1.45775442 1.29869996 -0.02263108 0.00852168 33.74615221
1.45775441 1.29869997 -0.02263108 0.00852168 33.74615258
1.45775441 1.29869996 -0.02263107 0.00852168 33.74614965
1.45775441 1.29869996 -0.02263108 0.00852169 33.74614966
1.45773472 1.29873290 -0.02242513 0.00869705 33.74767389
1.45773473 1.29873290 -0.02242513 0.00869705 33.74767404
1.45773472 1.29873291 -0.02242513 0.00869705 33.74767406
1.45773472 1.29873290 -0.02242512 0.00869705 33.74767389
1.45773472 1.29873290 -0.02242513 0.00869706 33.74767389
1.45773097 1.29873828 -0.02238918 0.00872765 33.74769172
1.45773098 1.29873828 -0.02238918 0.00872765 33.74769171
1.45773097 1.29873829 -0.02238918 0.00872765 33.74769171
1.45773097 1.29873828 -0.02238917 0.00872765 33.74769172
1.45773097 1.29873828 -0.02238918 0.00872766 33.74769172
1.45773096 1.29873829 -0.02238907 0.00872774 33.74769172
1.45773097 1.29873829 -0.02238907 0.00872774 33.74769172
1.45773096 1.29873830 -0.02238907 0.00872774 33.74769172
1.45773096 1.29873829 -0.02238906 0.00872774 33.74769172
1.45773096 1.29873829 -0.02238907 0.00872775 33.74769172