# ra dec
3.41089 -0.33685
3.42347 -0.37606
3.39638 -0.30421
3.37029 -0.28256
3.44824 -0.41176
3.42858 -0.37918
3.42148 -0.37114
3.42032 -0.34505
3.41348 -0.35838
3.40218 -0.35689
3.43208 -0.41021
3.41371 -0.33067
3.41884 -0.36229
3.38445 -0.32018
3.37623 -0.31230
3.42775 -0.36417
3.39061 -0.30973
3.38835 -0.30727
3.42294 -0.36160
3.39626 -0.33069
3.40013 -0.34488
3.42827 -0.37337
3.41586 -0.32837
3.40790 -0.33396
3.40413 -0.33628
3.42685 -0.36014
3.42966 -0.33776
3.41515 -0.35205
3.41630 -0.36717
3.38852 -0.30173
3.42020 -0.34912
3.38845 -0.30708
3.36609 -0.29235
3.40941 -0.33600
3.45014 -0.38032
3.43815 -0.38454
3.41727 -0.33637
3.39975 -0.33921
3.40182 -0.33253
3.41736 -0.34489
3.36617 -0.29350
3.43083 -0.39257
3.41234 -0.36324
3.45856 -0.38996
3.41879 -0.34311
3.43801 -0.39865
3.44762 -0.41212
3.45778 -0.42244
3.43086 -0.38614
3.42158 -0.36469
3.41105 -0.34349
3.42412 -0.35766
3.42795 -0.38653
3.41630 -0.33694
3.43259 -0.40621
3.39041 -0.34375
3.40696 -0.34822
3.39511 -0.30431
3.41237 -0.35484
3.41442 -0.34350
3.44927 -0.43556
3.38043 -0.32328
3.40546 -0.33721
3.43314 -0.38116
3.44364 -0.41306
3.37324 -0.28429
3.42868 -0.39221
3.41240 -0.38258
3.40815 -0.32909
3.39700 -0.33701
3.41288 -0.35274
3.40871 -0.33203
3.43317 -0.41072
3.41721 -0.35803
3.36899 -0.28757
3.40313 -0.32152
3.39156 -0.31332
3.39086 -0.29236
3.42243 -0.33704
3.44473 -0.42249
3.42252 -0.35510
3.42518 -0.38354
3.46211 -0.39850
3.39819 -0.34008
3.38319 -0.28984
3.42857 -0.38807
3.45113 -0.41323
3.38996 -0.29827
3.40760 -0.35219
3.40412 -0.33508
3.44676 -0.38673
3.39663 -0.29919
3.42073 -0.37264
3.42961 -0.38379
3.42004 -0.36867
3.38206 -0.31417
3.41115 -0.34874
3.40138 -0.29771
3.42229 -0.36438
3.38801 -0.29806
3.41590 -0.36427
3.36702 -0.26582
3.41120 -0.34912
3.38777 -0.30578
3.37015 -0.27340
3.43253 -0.36747
3.42178 -0.36523
3.43550 -0.36937
3.37582 -0.29106
3.41584 -0.33652
3.40816 -0.32409
3.41861 -0.38373
3.39865 -0.32130
3.41959 -0.36403
3.39676 -0.34867
3.39486 -0.33385
3.41074 -0.32493
3.40866 -0.32642
3.42876 -0.36454
3.40101 -0.33442
3.42850 -0.37826
3.41018 -0.37471
3.40606 -0.32939
3.40101 -0.31357
3.39948 -0.29762
3.41972 -0.35781
3.42800 -0.34262
3.42107 -0.36413
3.38713 -0.30885
3.45103 -0.38377
3.39139 -0.32502
3.43235 -0.37193
3.42605 -0.37005
3.42694 -0.36940
3.41865 -0.33724
3.40875 -0.33294
3.37767 -0.28381
3.38612 -0.32367
3.40133 -0.32741
3.42826 -0.37770
3.40541 -0.33486
3.38871 -0.33702
3.38652 -0.29966
3.44419 -0.40192
3.41650 -0.36438
3.41353 -0.34959
3.40376 -0.32471
3.38742 -0.29410
3.41602 -0.36846
3.45852 -0.42457
3.39246 -0.32262
3.41250 -0.34146
3.43297 -0.40204
3.41042 -0.35396
3.39293 -0.30919
3.39064 -0.30445
3.39965 -0.32913
3.41816 -0.35580
3.40071 -0.32963
3.39907 -0.34330
3.38939 -0.30177
3.47710 -0.46475
3.42139 -0.37634
3.44135 -0.39971
3.41075 -0.32185
3.39301 -0.30509
3.42826 -0.38591
3.37871 -0.27807
3.45853 -0.38049
3.39177 -0.30725
3.39060 -0.31994
3.42279 -0.39348
3.39907 -0.32305
3.37902 -0.28829
3.41761 -0.35877
3.38530 -0.32511
3.42570 -0.36781
3.36444 -0.27740
3.41559 -0.35546
3.41649 -0.35630
3.40047 -0.30909
3.40460 -0.33774
3.40092 -0.34583
3.42768 -0.35265
3.43968 -0.38416
3.43654 -0.39097
3.38519 -0.31558
3.40794 -0.33630
3.40929 -0.33067
3.37996 -0.27836
3.43419 -0.38570
3.39146 -0.30693
3.41877 -0.37247
3.38963 -0.32670
3.41855 -0.36129
3.41796 -0.35302
3.44930 -0.40747
3.41764 -0.37580
3.39338 -0.29003
3.39462 -0.31501
3.39039 -0.31152
3.40518 -0.33308
3.41078 -0.34640
3.42308 -0.36072
3.39782 -0.32631
3.45077 -0.39643
3.41719 -0.31718
3.41232 -0.35111
3.38228 -0.29540
3.41932 -0.37186
3.39973 -0.33492
3.43412 -0.38046
3.41674 -0.36642
3.40957 -0.33201
3.42306 -0.35623
3.39611 -0.29925
3.39238 -0.32263
3.39830 -0.33428
3.42812 -0.37241
3.39876 -0.33332
3.38936 -0.29635
3.42112 -0.38937
3.44893 -0.41773
3.38736 -0.32806
3.36581 -0.26890
3.38640 -0.29456
3.43614 -0.38629
3.40632 -0.34401
3.43640 -0.39124
3.42352 -0.33680
3.39336 -0.31229
3.39025 -0.31895
3.43663 -0.40120
3.42609 -0.39822
3.41568 -0.34735
3.41463 -0.34113
3.39922 -0.30825
3.43946 -0.41721
3.40535 -0.31497
3.41902 -0.34652
3.39168 -0.31568
3.44247 -0.40176
3.41915 -0.35996
3.38940 -0.30483
3.37124 -0.26663
3.40294 -0.33493
3.42047 -0.35151
3.40451 -0.33335
3.40027 -0.31330
3.43626 -0.37507
3.37194 -0.27727
3.36085 -0.26446
3.40817 -0.34680
3.40741 -0.32805
3.40648 -0.34338
3.41632 -0.35511
3.38317 -0.29008
3.41565 -0.32308
3.42673 -0.37548
3.40416 -0.33722
3.43624 -0.39738
3.39085 -0.30997
3.40550 -0.33153
3.43604 -0.36703
3.38490 -0.31626
3.41908 -0.36532
3.42665 -0.38403
3.43440 -0.40223
3.38371 -0.29979
3.41590 -0.37821
3.41082 -0.32948
3.37312 -0.25089
3.39280 -0.30696
3.43328 -0.35411
3.43132 -0.37955
3.42635 -0.36681
3.40674 -0.31949
3.41878 -0.34753
3.39704 -0.33664
3.40608 -0.33542
3.41462 -0.36213
3.41915 -0.36771
3.40889 -0.34123
3.37399 -0.30335
3.40393 -0.36049
3.42077 -0.36861
3.39316 -0.31499
3.43249 -0.38507
3.41434 -0.34598
3.42090 -0.36341
3.39542 -0.31506
3.39782 -0.28631
3.41160 -0.37467
3.45209 -0.42123
3.46060 -0.41467
3.41666 -0.33464
3.36145 -0.25169
3.39720 -0.31821
3.43793 -0.40408
3.41148 -0.32900
3.38021 -0.28839
3.40074 -0.33686
3.42978 -0.38822
3.38927 -0.29741
3.45106 -0.41695
3.40123 -0.32551
3.42779 -0.37399
3.41055 -0.32592
3.39189 -0.32279
3.39365 -0.32490
3.43373 -0.41017
3.40460 -0.32473
3.39870 -0.32003
3.40289 -0.35759
3.42608 -0.34280
3.36777 -0.27238
3.39684 -0.31905
3.40857 -0.35604
3.41084 -0.33603
3.40035 -0.31733
3.40368 -0.32685
3.39017 -0.30131
3.41753 -0.36278
3.41229 -0.35706
3.39729 -0.29265
3.41416 -0.35844
3.36150 -0.28342
3.41880 -0.33506
3.45293 -0.38794
3.40811 -0.33748
3.45413 -0.44315
3.38394 -0.31086
3.43473 -0.37901
3.44002 -0.38853
3.41039 -0.33514
3.41615 -0.36975
3.38482 -0.30530
3.43212 -0.39253
3.41526 -0.33950
3.41717 -0.35106
3.39046 -0.30550
3.38777 -0.32053
3.39774 -0.34116
3.39354 -0.30547
3.40955 -0.34206
3.39393 -0.31456
3.42794 -0.40101
3.42510 -0.36858
3.37799 -0.29671
3.41227 -0.32297
3.36781 -0.27277
3.39072 -0.32501
3.39702 -0.32868
3.43820 -0.38450
3.41479 -0.35136
3.39825 -0.32677
3.43279 -0.37683
3.39320 -0.32908
3.39285 -0.31819
3.42918 -0.36661
3.43151 -0.39153
3.43480 -0.38169
3.43003 -0.37648
3.42523 -0.36109
3.39931 -0.32024
3.39184 -0.31111
3.40404 -0.32028
3.39300 -0.30578
3.42583 -0.38808
3.40919 -0.30812
3.40738 -0.32270
3.40070 -0.35930
3.46190 -0.40965
3.40158 -0.30950
3.41973 -0.38413
3.46392 -0.39673
3.40645 -0.33618
3.43052 -0.38329
3.36634 -0.26450
3.42525 -0.35386
3.39420 -0.30876
3.43669 -0.40294
3.41410 -0.33805
3.39493 -0.32607
3.40130 -0.33391
3.40348 -0.35155
3.45089 -0.42049
3.38185 -0.29345
3.42284 -0.35580
3.36328 -0.25680
3.38823 -0.32427
3.43385 -0.37745
3.44570 -0.41052
3.44819 -0.41298
3.44162 -0.39913
3.46692 -0.42000
3.43692 -0.38636
3.44899 -0.40225
3.42606 -0.37521
3.41015 -0.35246
3.38741 -0.31898
3.41215 -0.36242
3.40601 -0.33313
3.39955 -0.32850
3.42550 -0.35333
3.41056 -0.33128
3.37903 -0.29627
3.45857 -0.40744
3.39598 -0.30304
3.43368 -0.35865
3.39071 -0.30717
3.41746 -0.35764
3.40794 -0.32577
3.38323 -0.30737
3.36913 -0.29517
3.40255 -0.33317
3.37977 -0.29649
3.41909 -0.34563
3.38073 -0.29672
3.41495 -0.35880
3.39842 -0.33734
3.41860 -0.34514
3.41556 -0.34616
3.41854 -0.33590
3.40920 -0.34341
3.42640 -0.36915
3.38118 -0.31338
3.43814 -0.38690
3.41189 -0.35594
3.41692 -0.34407
3.45952 -0.41043
3.40946 -0.34348
3.39625 -0.31293
3.39821 -0.32338
3.38243 -0.28413
3.38946 -0.31554
3.37070 -0.28292
3.40972 -0.34723
3.40222 -0.30793
3.41148 -0.33439
3.39084 -0.30895
3.42222 -0.38084
3.42959 -0.37256
3.39077 -0.32232
3.40988 -0.35192
3.40158 -0.34762
3.41549 -0.33338
3.40025 -0.31930
3.40928 -0.35814
3.40931 -0.32413
3.39793 -0.31254
3.41586 -0.34690
3.39760 -0.34578
3.41364 -0.33492
3.39958 -0.32755
3.41054 -0.33447
3.44583 -0.38379
3.40393 -0.34423
3.43079 -0.39297
3.37164 -0.29153
3.35859 -0.25352
3.42229 -0.38309
3.40008 -0.32627
3.42583 -0.37919
3.42494 -0.38147
3.40220 -0.31541
3.41113 -0.35901
3.40189 -0.32701
3.38566 -0.30266
3.42205 -0.35824
3.43722 -0.40245
3.39731 -0.32780
3.41235 -0.32849
3.40198 -0.34939
3.42240 -0.36801
3.43173 -0.36713
3.36498 -0.27931
3.39434 -0.31316
3.44086 -0.40722
3.41592 -0.37473
3.40556 -0.33340
3.41522 -0.36067
3.43114 -0.40779
3.38035 -0.32372
3.38045 -0.28267
3.38303 -0.28306
3.40925 -0.33756
3.40732 -0.35635
3.42202 -0.36893
3.41584 -0.35124
3.38036 -0.30357
3.42861 -0.39272
3.43954 -0.40568
3.42733 -0.35068
3.40660 -0.35109
3.43202 -0.38017
3.39496 -0.32590
3.44546 -0.40398
3.40281 -0.31791
3.39143 -0.30439
3.40431 -0.34737
3.42372 -0.38091
3.41980 -0.34413
3.39805 -0.32363
3.45292 -0.41370
3.41082 -0.33643
3.38058 -0.30943
3.40595 -0.32176
3.39697 -0.32896
3.43772 -0.38675
3.41074 -0.34251
3.39505 -0.31143
3.42113 -0.38375
3.40089 -0.34518
3.38473 -0.30329
3.40353 -0.36073
3.40084 -0.33385
3.39046 -0.33112
3.39222 -0.30674
3.41163 -0.34344
3.41861 -0.35593
3.40051 -0.32814
3.42592 -0.38092
3.42028 -0.36297
3.43538 -0.37961
3.36974 -0.30678
3.41362 -0.35748
3.44115 -0.39641
3.38467 -0.31182
3.43027 -0.37662
3.41106 -0.34537
3.41922 -0.35111
3.38626 -0.31889
3.41776 -0.32482
3.42862 -0.37703
3.42559 -0.38185
3.41873 -0.32860
3.35975 -0.27919
3.42975 -0.39275
3.41522 -0.33218
3.41841 -0.38475
3.42117 -0.37185
3.40523 -0.34674
3.41000 -0.35823
3.39319 -0.32951
3.44256 -0.38782
3.37140 -0.28532
3.40930 -0.33172
3.39686 -0.33430
3.45983 -0.43818
3.44157 -0.40296
3.36777 -0.27101
3.38471 -0.29308
3.38248 -0.31288
3.44451 -0.40441
3.41470 -0.34294
3.41790 -0.36186
3.43698 -0.38429
3.40266 -0.33992
3.43947 -0.39677
3.44788 -0.41883
3.40125 -0.33547
3.39136 -0.33797
3.37625 -0.26910
3.42349 -0.37040
3.40869 -0.34748
3.38299 -0.30637
3.39439 -0.32545
3.39567 -0.33145
3.41957 -0.35730
3.39940 -0.31523
3.40319 -0.32907
3.40220 -0.33214
3.38835 -0.30411
3.40935 -0.33836
3.38428 -0.28846
3.43617 -0.38516
3.41910 -0.36650
3.40656 -0.32544
3.42927 -0.38679
3.43155 -0.37672
3.42057 -0.39326
3.44650 -0.41842
3.40004 -0.31530
3.38867 -0.31629
3.42587 -0.37017
3.38586 -0.31368
3.40223 -0.32412
3.40265 -0.33035
3.39871 -0.32647
3.43783 -0.37673
3.45472 -0.42074
3.42898 -0.39096
3.40662 -0.31821
3.39208 -0.30830
3.42234 -0.35473
3.44173 -0.39333
3.45756 -0.42123
3.40934 -0.36377
3.42709 -0.36308
3.38413 -0.29324
3.37695 -0.30529
3.39989 -0.32678
3.37460 -0.29167
3.44538 -0.41060
3.42174 -0.34757
3.40486 -0.31608
3.40261 -0.34650
3.39846 -0.32209
3.40491 -0.33195
3.41976 -0.37016
3.44842 -0.39389
3.45006 -0.39614
3.41402 -0.34592
3.44627 -0.39882
3.42903 -0.34409
3.41219 -0.33663
3.41778 -0.35866
3.40037 -0.31127
3.42530 -0.37835
3.42731 -0.37005
3.39812 -0.30895
3.40035 -0.32800
3.44513 -0.39670
3.42355 -0.35050
3.44088 -0.38661
3.40137 -0.32054
3.43597 -0.40149
3.42519 -0.34469
3.46363 -0.42848
3.43096 -0.36994
3.41749 -0.37120
3.40288 -0.33579
3.43887 -0.40886
3.41525 -0.37690
3.40984 -0.30282
3.43796 -0.39083
3.37909 -0.27420
3.41992 -0.34166
3.40938 -0.33559
3.43427 -0.36425
3.40113 -0.30930
3.38942 -0.30347
3.41660 -0.38179
3.41559 -0.33524
3.38892 -0.30166
3.37077 -0.28552
3.40912 -0.35835
3.39871 -0.31954
3.39278 -0.31512
3.40848 -0.35007
3.42920 -0.34068
3.41401 -0.33999
3.41722 -0.36503
3.43057 -0.36693
3.40632 -0.34980
3.41555 -0.34775
3.42836 -0.39189
3.43202 -0.37094
3.41701 -0.37676
3.42116 -0.34931
3.39935 -0.33294
3.38365 -0.29164
3.42494 -0.35376
3.39835 -0.34339
3.43565 -0.36654
3.38954 -0.33410
3.43819 -0.34546
3.40347 -0.34949
3.43116 -0.36547
3.40207 -0.33788
3.39764 -0.32424
3.42955 -0.37570
3.40463 -0.34097
3.37903 -0.29095
3.41922 -0.36646
3.38889 -0.29460
3.38919 -0.30163
3.36978 -0.28735
3.40667 -0.33524
3.40417 -0.32421
3.39613 -0.29751
3.48729 -0.44915
3.38405 -0.27555
3.40199 -0.33146
3.41653 -0.35056
3.40938 -0.31744
3.40667 -0.32693
3.38425 -0.32292
3.41607 -0.36528
3.44093 -0.39622
3.42047 -0.36563
3.38831 -0.31879
3.36634 -0.26700
3.38954 -0.32285
3.40143 -0.35594
3.41531 -0.36125
3.40755 -0.34442
3.41752 -0.37098
3.43181 -0.37179
3.39466 -0.29523
3.40447 -0.34102
3.46102 -0.41121
3.44803 -0.42458
3.39660 -0.30931
3.39977 -0.33132
3.40575 -0.31206
3.43053 -0.41159
3.44007 -0.38421
3.40635 -0.33740
3.41077 -0.33503
3.39057 -0.31834
3.39857 -0.32434
3.40452 -0.31229
3.42302 -0.38280
3.36255 -0.26755
3.40365 -0.34057
3.43668 -0.41768
3.42263 -0.36684
3.40603 -0.33832
3.43108 -0.39901
3.41322 -0.33425
3.40601 -0.32380
3.39669 -0.31517
3.40665 -0.34025
3.39236 -0.31173
3.39066 -0.32569
3.37794 -0.28928
3.40466 -0.33182
3.38759 -0.33667
3.36347 -0.26764
3.40621 -0.35872
3.39911 -0.33166
3.39965 -0.33680
3.42253 -0.35464
3.37893 -0.30239
3.44499 -0.44659
3.42289 -0.34806
3.36484 -0.26948
3.44821 -0.39694
3.40531 -0.33346
3.39459 -0.32176
3.40426 -0.34114
3.45469 -0.39995
3.43582 -0.39041
3.38718 -0.29630
3.41873 -0.37629
3.42338 -0.38194
3.37459 -0.28619
3.39069 -0.32032
3.45172 -0.43102
3.39619 -0.32342
3.42747 -0.37466
3.39227 -0.33047
3.43990 -0.40665
3.36499 -0.27040
3.40658 -0.32728
3.39934 -0.32403
3.39123 -0.32054
3.37997 -0.30835
3.42007 -0.36749
3.46332 -0.40183
3.40871 -0.31953
3.39579 -0.31641
3.41758 -0.33984
3.43023 -0.35793
3.42790 -0.39244
3.42035 -0.38442
3.42645 -0.36107
3.43930 -0.39474
3.41637 -0.37270
3.39735 -0.32024
3.43212 -0.38545
3.42507 -0.36754
3.36251 -0.26912
3.39015 -0.29709
3.37988 -0.28770
3.43297 -0.35611
3.43558 -0.38021
3.40873 -0.35075
3.39601 -0.33139
3.40344 -0.33624
3.42194 -0.37645
3.42633 -0.37036
3.41209 -0.34727
3.42166 -0.35391
3.40108 -0.32576
3.42796 -0.37683
3.42697 -0.34648
3.41813 -0.35267
3.41579 -0.34887
3.38026 -0.29882
3.39956 -0.31793
3.43431 -0.39091
3.40545 -0.32533
3.40877 -0.33213
3.41308 -0.34486
3.42608 -0.36238
3.43056 -0.37353
3.44839 -0.41452
3.40449 -0.32260
3.46316 -0.42692
3.38891 -0.31069
3.41797 -0.36117
3.44689 -0.41428
3.42509 -0.39292
3.39470 -0.31326
3.39488 -0.32837
3.41680 -0.33741
3.39941 -0.33897
3.38370 -0.32279
3.40995 -0.32845
3.37235 -0.27609
3.44020 -0.38808
3.42763 -0.37843
3.40468 -0.34008
3.41184 -0.35026
3.41954 -0.33390
3.42078 -0.37404
3.44282 -0.37271
3.39297 -0.30511
3.42916 -0.37785
3.40338 -0.32467
3.42411 -0.35546
3.45426 -0.41795
3.37782 -0.29860
3.39048 -0.32093
3.46243 -0.41543
3.43044 -0.39428
3.43333 -0.39415
3.41468 -0.34158
3.41604 -0.34651
3.41580 -0.36435
3.39442 -0.33973
3.41949 -0.36203
3.39378 -0.31834
3.41632 -0.36848
3.43011 -0.38154
3.38804 -0.29741
3.41017 -0.34288
3.39362 -0.31978
3.44941 -0.40135
3.39012 -0.31406
3.37725 -0.27907
3.43119 -0.37191
3.42309 -0.35091
3.39101 -0.30820
3.45236 -0.40624
3.39303 -0.30910
3.41689 -0.37282
3.39804 -0.33974
3.39879 -0.32418
3.42643 -0.37896
3.37245 -0.28698
3.41218 -0.34967
3.40679 -0.33261
3.39566 -0.31357
3.40519 -0.32876
3.43316 -0.40613
3.41447 -0.33302
3.42513 -0.33527
3.39182 -0.31318
3.43544 -0.41447
3.40258 -0.33800
3.39361 -0.30749
3.41918 -0.36027
3.44319 -0.41074
3.42861 -0.38016
3.38750 -0.30093
3.38479 -0.30691
3.42972 -0.35985
3.47473 -0.44653
3.38699 -0.31127
3.40013 -0.32100
3.42313 -0.39069
3.40971 -0.34335
3.43770 -0.36815
3.39266 -0.32385
3.42587 -0.36602
3.39392 -0.34766
3.37954 -0.29849
3.41647 -0.33304
3.39105 -0.30906
3.39221 -0.33744
3.40770 -0.32510
3.39530 -0.30806
3.37409 -0.28874
3.39315 -0.32143
3.40867 -0.33579
3.42681 -0.37706
3.39923 -0.33764
3.39213 -0.29081
3.41391 -0.35647
3.40411 -0.32762
3.43713 -0.39660
3.41193 -0.33745
3.41802 -0.33900
3.42353 -0.35378
3.38783 -0.31328
3.37495 -0.31381
3.42937 -0.36763
3.40492 -0.35892
3.38795 -0.29876
3.42977 -0.38875
3.38673 -0.31422
3.36430 -0.25157
3.42434 -0.35348
3.38121 -0.29913
3.38805 -0.31045
3.40102 -0.34284
3.41990 -0.35192
3.41072 -0.34626
3.39000 -0.28335
3.44371 -0.38565
3.41680 -0.35314
3.43388 -0.41532
3.44777 -0.40130
3.39579 -0.33301
3.41854 -0.36465
3.40141 -0.30483
3.43700 -0.40264
3.40495 -0.33680
3.45280 -0.40845
3.39602 -0.31359
3.42520 -0.36096
3.41373 -0.34709
3.43005 -0.38462
3.38515 -0.29208
3.42240 -0.34616
3.41108 -0.34801
3.39937 -0.31637
3.41833 -0.35388
3.43131 -0.37623
3.41066 -0.37195
3.40808 -0.32121
3.40806 -0.32650
3.40658 -0.32555
3.41707 -0.34410
3.38098 -0.29987
3.41163 -0.35185
3.42730 -0.36505
3.38828 -0.31248
3.41266 -0.36338
3.43171 -0.37086
3.40946 -0.32897
3.41964 -0.37149
3.39382 -0.33811
3.43725 -0.40217
3.43751 -0.40543
3.43476 -0.40055
3.45028 -0.43122
3.40489 -0.32185
3.39924 -0.32356
3.40034 -0.33721
3.41214 -0.35115
3.41145 -0.34087
3.40219 -0.34879
3.40865 -0.34367
3.44762 -0.38773
3.42313 -0.37706
3.34265 -0.22378
3.41488 -0.35955
3.38651 -0.29955
3.40388 -0.33213
3.38693 -0.29107
3.39547 -0.30899
3.42003 -0.37203
3.40915 -0.34847
3.39484 -0.32589
3.37574 -0.28149
3.43378 -0.38591
3.38900 -0.30314
3.40240 -0.31761
3.36520 -0.25729
3.44560 -0.43292
3.40621 -0.35685
3.41525 -0.36007
3.41065 -0.35054
3.38591 -0.31167
3.44605 -0.42489
3.38063 -0.28987
3.41115 -0.34819
3.38558 -0.29658
3.41371 -0.38442
3.40404 -0.33979
3.40813 -0.34567
3.39809 -0.32236
3.38729 -0.29179
3.38234 -0.30012
3.39534 -0.29914
3.44996 -0.40279
3.42769 -0.37904
3.40451 -0.34898
3.44834 -0.41180
3.42618 -0.34609
3.40639 -0.34081
3.40821 -0.35834
3.41585 -0.35885
3.43130 -0.38275
3.39039 -0.31518
3.38781 -0.30944
3.41169 -0.37414
3.39660 -0.30897
3.41885 -0.35620
3.42023 -0.35777
3.41195 -0.34740
3.40435 -0.33611
3.37905 -0.27715
3.37813 -0.28393
3.42844 -0.37985
3.43992 -0.38338
3.45417 -0.40736
3.42798 -0.42249
3.41729 -0.33471
3.44716 -0.39646
3.40604 -0.33806
3.39776 -0.32536
3.42204 -0.38041
3.45328 -0.39650
3.46240 -0.45844
3.43672 -0.38923
3.35892 -0.28269
3.40305 -0.33913
3.41971 -0.36176
3.40545 -0.32943
3.42544 -0.37379
3.44372 -0.40550
3.43992 -0.41973
3.38716 -0.30556
3.41313 -0.34143
3.41120 -0.34359
3.41061 -0.35034
3.41281 -0.35452
3.40089 -0.32896
3.44491 -0.41442
3.38702 -0.28680
3.47187 -0.39788
3.40813 -0.35606
3.39589 -0.31838
3.38888 -0.30176
3.40408 -0.32622
3.39235 -0.32246
3.36699 -0.29110
3.41474 -0.33630
3.39782 -0.31621
3.41385 -0.37056
3.42217 -0.36306
3.43407 -0.37946
3.39531 -0.30925
3.41054 -0.33643
3.39388 -0.30641
3.41315 -0.35297
3.40956 -0.32556
3.40163 -0.33795
3.39382 -0.30659
3.42648 -0.37154
3.38861 -0.29729
3.40508 -0.34121
3.39826 -0.32723
3.39617 -0.32188
3.41086 -0.35380
3.39377 -0.32690
3.39100 -0.32115
3.44416 -0.41348
3.41559 -0.36325
3.39406 -0.32349
3.39665 -0.32750
3.39125 -0.32013
3.38488 -0.30252
3.44506 -0.40218
3.42725 -0.40676
3.43139 -0.39981
3.41177 -0.33055
3.42402 -0.36548
3.41161 -0.37027
3.40149 -0.32872
3.41336 -0.34988
3.38297 -0.30259
3.39378 -0.33013
3.38850 -0.32549
3.43706 -0.37921
3.40843 -0.33342
3.38114 -0.30047
3.40264 -0.32625
3.42635 -0.37768
3.40321 -0.34536
3.42049 -0.36997
3.37884 -0.30619
3.41725 -0.34707
3.41192 -0.34783
3.41722 -0.36546
3.42313 -0.36215
3.39645 -0.34341
3.41994 -0.35642
3.42959 -0.33524
3.46735 -0.40914
3.44728 -0.40544
3.40852 -0.34791
3.44106 -0.36793
3.41751 -0.36367
3.40631 -0.33104
3.40784 -0.33759
3.39775 -0.30213
3.42780 -0.36491
3.43190 -0.38242
3.41093 -0.32746
3.39447 -0.33525
3.37136 -0.29983
3.42223 -0.34431
3.42664 -0.39588
3.41275 -0.34175
3.42772 -0.37390
3.43076 -0.35830
3.43482 -0.39572
3.39535 -0.29246
3.41706 -0.34413
3.43013 -0.37507
3.35037 -0.24629
3.41778 -0.34688
3.39932 -0.32245
3.39596 -0.31568
3.39476 -0.30271
3.45118 -0.41305
3.38321 -0.30026
3.38135 -0.28378
3.43393 -0.37957
3.41841 -0.36500
3.41721 -0.32966
3.39035 -0.30882
3.38380 -0.30762
3.41068 -0.34338
3.38833 -0.34885
3.45645 -0.40771
3.42500 -0.36493
3.44657 -0.37351
3.40047 -0.33877
3.43917 -0.41568
3.44065 -0.38175
3.38862 -0.32198
3.42958 -0.40598
3.39369 -0.31776
3.42209 -0.35866
3.40724 -0.33322
3.44690 -0.40766
3.38175 -0.30455
3.36288 -0.26765
3.40490 -0.34542
3.40290 -0.32650
3.42332 -0.34901
3.40547 -0.36236
3.43132 -0.39802
3.41990 -0.35811
3.40110 -0.30930
3.44474 -0.38641
3.38090 -0.31681
3.38058 -0.28528
3.40395 -0.34024
3.43508 -0.36754
3.41788 -0.35133
3.38611 -0.30511
3.41208 -0.35691
3.38132 -0.29049
3.37983 -0.29774
3.40063 -0.32799
3.36874 -0.26102
3.39413 -0.32233
3.38325 -0.29493
3.41162 -0.35178
3.37463 -0.30400
3.38763 -0.29163
3.41992 -0.37285
3.38791 -0.31516
3.36497 -0.27032
3.40853 -0.33768
3.40734 -0.35717
3.40442 -0.32091
3.40808 -0.33346
3.42996 -0.38193
3.43506 -0.38030
3.41047 -0.34747
3.38747 -0.30896
3.44024 -0.40410
3.40682 -0.32634
3.41155 -0.35617
3.43439 -0.38567
3.41039 -0.35248
3.40751 -0.33807
3.38784 -0.30155
3.42925 -0.37662
3.41336 -0.34364
3.39492 -0.32143
3.39976 -0.32622
3.40950 -0.33774
3.42765 -0.37173
3.41394 -0.33486
3.43825 -0.39053
3.44203 -0.37355
3.41583 -0.35417
3.39519 -0.32255
3.40765 -0.30946
3.42904 -0.37721
3.43133 -0.38581
3.40708 -0.33232
3.44986 -0.39346
3.36486 -0.28571
3.41097 -0.37135
3.42122 -0.36471
3.43221 -0.40950
3.44099 -0.38814
3.40774 -0.35444
3.38498 -0.30314
3.38738 -0.29479
3.37925 -0.29969
3.40378 -0.34350
3.41164 -0.35658
3.37804 -0.31281
3.39013 -0.28842
3.38844 -0.30535
3.47471 -0.44148
3.41642 -0.35059
3.40836 -0.37450
3.39656 -0.31757
3.40307 -0.32533
3.37529 -0.31471
3.43051 -0.36508
3.44658 -0.39649
3.44958 -0.39872
3.39251 -0.31422
3.40300 -0.33916
3.39504 -0.31304
3.41609 -0.37492
3.39340 -0.30781
3.40825 -0.32184
3.41485 -0.36578
3.39602 -0.30908
3.39879 -0.33117
3.38104 -0.28789
3.40806 -0.33047
3.44152 -0.39387
3.39159 -0.30683
3.41897 -0.38021
3.42966 -0.38270
3.44058 -0.42738
3.40256 -0.34869
3.39600 -0.33159
3.38688 -0.27549
3.41769 -0.35103
3.40888 -0.34322
3.41154 -0.34498
3.39033 -0.31090
3.39221 -0.30850
3.44608 -0.38542
3.37525 -0.29613
3.41308 -0.33073
3.41860 -0.37651
3.39523 -0.31816
3.40259 -0.33477
3.43563 -0.40881
3.42814 -0.37015
3.40493 -0.34905
3.39930 -0.32414
3.40379 -0.35321
3.39870 -0.33376
3.42263 -0.37181
3.42244 -0.34242
3.41243 -0.35782
3.39674 -0.32359
3.40344 -0.34637
3.40578 -0.32756
3.42254 -0.37167
3.39310 -0.30549
3.40558 -0.34212
3.43184 -0.39405
3.47095 -0.42136
3.45431 -0.42005
3.40819 -0.35174
3.41376 -0.35773
3.42171 -0.36644
3.41557 -0.37069
3.41330 -0.33950
3.40320 -0.31160
3.42638 -0.38600
3.41510 -0.36257
3.44297 -0.36028
3.39727 -0.34084
3.40295 -0.31448
3.38390 -0.31177
3.43964 -0.40187
3.42767 -0.36991
3.39454 -0.32354
3.38216 -0.30529
3.40892 -0.34122
3.41584 -0.34713
3.39439 -0.33423
3.46496 -0.43171
3.40482 -0.33887
3.42975 -0.38133
3.41090 -0.36009
3.43595 -0.37906
3.39473 -0.30182
3.38217 -0.30569
3.42043 -0.35593
3.41510 -0.35390
3.46565 -0.41446
3.40530 -0.35445
3.40926 -0.34828
3.40789 -0.36090
3.38628 -0.29990
3.41019 -0.34273
3.40662 -0.33481
3.42625 -0.37454
3.39794 -0.30826
3.41310 -0.34524
3.39916 -0.32472
3.46379 -0.45417
3.48340 -0.44739
3.40497 -0.33269
3.40351 -0.32872
3.42225 -0.36256
3.36217 -0.28427
3.43068 -0.36909
3.40534 -0.33011
3.45767 -0.39843
3.41272 -0.34144
3.39370 -0.32719
3.38663 -0.28150
3.42867 -0.36206
3.44245 -0.38744
3.40706 -0.32709
3.42370 -0.37279
3.37388 -0.28022
3.39486 -0.34006
3.41180 -0.35628
3.40285 -0.34456
3.43641 -0.37219
3.42412 -0.37444
3.41461 -0.35248
3.43002 -0.37436
3.42124 -0.38060
3.41313 -0.34138
3.42347 -0.39926
3.37462 -0.29786
3.40206 -0.32799
3.40844 -0.34515
3.40568 -0.33331
3.42842 -0.38321
3.40822 -0.33037
3.45056 -0.43107
3.40624 -0.33967
3.42310 -0.36522
3.40142 -0.33909
3.39810 -0.33033
3.40088 -0.33958
3.42176 -0.36626
3.42295 -0.34806
3.42675 -0.37602
3.38429 -0.30065
3.41290 -0.36767
3.38869 -0.31577
3.41273 -0.36088
3.40180 -0.35199
3.38116 -0.26724
3.40303 -0.34407
3.38142 -0.30742
3.39251 -0.31319
3.42433 -0.33842
3.40680 -0.34686
3.37763 -0.26494
3.36135 -0.26082
3.35352 -0.25120
3.41855 -0.35444
3.41054 -0.34547
3.44073 -0.42108
3.39425 -0.31518
3.41437 -0.33286
3.41323 -0.33815
3.40390 -0.35432
3.40220 -0.33955
3.44325 -0.37747
3.42545 -0.36947
3.38114 -0.30523
3.43736 -0.37385
3.43891 -0.38478
3.41578 -0.33138
3.45909 -0.40366
3.38866 -0.29886
3.39827 -0.33367
3.41271 -0.33331
3.40151 -0.33040
3.42292 -0.34485
3.41293 -0.35876
3.39527 -0.32081
3.46113 -0.42807
3.40171 -0.32558
3.43361 -0.38317
3.42464 -0.39210
3.41217 -0.34996
3.43113 -0.39825
3.39923 -0.31439
3.40179 -0.32717
3.39548 -0.32231
3.37512 -0.30719
3.41774 -0.34842
3.41922 -0.35010
3.40246 -0.33418
3.40734 -0.34872
3.44221 -0.38007
3.43533 -0.39932
3.40912 -0.34942
3.42259 -0.35560
3.38688 -0.31869
3.43181 -0.39269
3.42937 -0.36858
3.41343 -0.33185
3.39414 -0.34329
3.40585 -0.31235
3.37888 -0.28949
3.43845 -0.38336
3.43007 -0.38937
3.40007 -0.32771
3.38312 -0.31013
3.39363 -0.33769
3.41677 -0.33735
3.39189 -0.31691
3.43280 -0.37400
3.37632 -0.30664
3.41473 -0.35261
3.40976 -0.33640
3.40277 -0.33094
3.42569 -0.38609
3.39570 -0.32282
3.40450 -0.32725
3.40386 -0.32352
3.38651 -0.30864
3.41492 -0.36083
3.42768 -0.36331
3.44015 -0.35509
3.41509 -0.34688
3.39250 -0.32100
3.40568 -0.34902
3.39685 -0.32063
3.40314 -0.32014
3.42902 -0.36227
3.41182 -0.33701
3.42610 -0.36866
3.41920 -0.37332
3.42095 -0.35435
3.40617 -0.35337
3.45192 -0.39477
3.39841 -0.33355
3.38182 -0.28907
3.42560 -0.36887
3.39448 -0.31924
3.42384 -0.36217
3.39602 -0.35145
3.40087 -0.33247
3.38249 -0.29966
3.43548 -0.38344
3.42792 -0.35846
3.41489 -0.31670
3.41163 -0.34274
3.40863 -0.32664
3.37796 -0.29988
3.42243 -0.36792
3.44084 -0.40291
3.39504 -0.31935
3.43176 -0.39068
3.44966 -0.41089
3.42251 -0.36471
3.41276 -0.34326
3.42582 -0.36019
3.41652 -0.34100
3.41781 -0.35263
3.36216 -0.24854
3.40729 -0.35939
3.40913 -0.36807
3.42501 -0.36593
3.40758 -0.34587
3.41039 -0.32235
3.43752 -0.39188
3.38050 -0.29606
3.40060 -0.34198
3.42071 -0.35188
3.41360 -0.36320
3.41569 -0.38780
3.43675 -0.38841
3.40959 -0.35253
3.34849 -0.23474
3.42416 -0.35979
3.40205 -0.34229
3.40095 -0.33374
3.40829 -0.35720
3.43324 -0.40321
3.40875 -0.35354
3.41233 -0.32570
3.44316 -0.40415
3.44552 -0.38844
3.41938 -0.38010
3.46346 -0.43380
3.39577 -0.32442
3.34989 -0.25676
3.42857 -0.38119
3.42932 -0.34716
3.40759 -0.36612
3.40689 -0.34202
3.39765 -0.31529
3.40824 -0.33739
3.40251 -0.31719
3.41508 -0.38066
3.40279 -0.32588
3.41878 -0.35082
3.45788 -0.45229
3.40211 -0.36028
3.37776 -0.29599
3.40590 -0.34045
3.41614 -0.34772
3.38894 -0.30636
3.41371 -0.35088
3.41708 -0.34691
3.42360 -0.38577
3.41511 -0.33347
3.38142 -0.27376
3.39184 -0.30805
3.41368 -0.34223
3.39225 -0.33617
3.37839 -0.31934
3.39661 -0.33708
3.40796 -0.34699
3.35564 -0.25660
3.42646 -0.35610
3.40072 -0.32537
3.40821 -0.35605
3.41237 -0.34213
3.36920 -0.27482
3.42884 -0.39318
3.41709 -0.36171
3.40781 -0.32474
3.41301 -0.34576
3.41576 -0.34476
3.40393 -0.31579
3.36015 -0.24860
3.41357 -0.34903
3.46656 -0.42730
3.40858 -0.34551
3.41624 -0.35687
3.44417 -0.38339
3.41273 -0.35027
3.39241 -0.30343
3.41557 -0.35714
3.41225 -0.37221
3.40220 -0.30541
3.42924 -0.36559
3.43082 -0.34583
3.36948 -0.26461
3.39575 -0.32362
3.42487 -0.37874
3.40482 -0.33266
3.39011 -0.31081
3.39693 -0.32960
3.44741 -0.34979
3.36709 -0.28721
3.42280 -0.37644
3.43499 -0.39231
3.43269 -0.40234
3.39309 -0.29360
3.42031 -0.35502
3.40856 -0.35721
3.40961 -0.34878
3.43911 -0.36169
3.41717 -0.34773
3.42332 -0.36163
3.41744 -0.35508
3.43905 -0.41780
3.43103 -0.37715
3.43333 -0.39985
3.39420 -0.33531
3.38084 -0.29920
3.43898 -0.37694
3.40273 -0.34027
3.40504 -0.31774
3.41586 -0.33527
3.43656 -0.37977
3.43220 -0.36970
3.38571 -0.30550
3.37055 -0.27897
3.40099 -0.32581
3.39899 -0.34003
3.40622 -0.32110
3.43796 -0.39417
3.45656 -0.43376
3.38387 -0.28629
3.42431 -0.37327
3.44904 -0.39815
3.39473 -0.32795
3.42011 -0.37260
3.43533 -0.37127
3.39086 -0.31028
3.42229 -0.36093
3.40256 -0.32667
3.42505 -0.37953
3.38272 -0.32204
3.41311 -0.34332
3.46277 -0.44265
3.41836 -0.37080
3.40533 -0.32921
3.45488 -0.40256
3.39668 -0.31235
3.39758 -0.34741
3.43538 -0.38621
3.43533 -0.38347
3.39714 -0.33397
3.38552 -0.28990
3.40876 -0.33858
3.42207 -0.35387
3.40248 -0.31580
3.39931 -0.33455
3.38624 -0.30706
3.43418 -0.38959
3.38679 -0.29372
3.42762 -0.37165
3.39542 -0.29899
3.40537 -0.34114
3.43764 -0.38629
3.40427 -0.33386
3.43136 -0.37798
3.43827 -0.39133
3.40640 -0.34765
3.41244 -0.36710
3.38642 -0.32679
3.45973 -0.46282
3.44809 -0.40556
3.38138 -0.30915
3.43119 -0.39983
3.40009 -0.33951
3.40556 -0.33612
3.43266 -0.38424
3.40819 -0.33625
3.41766 -0.34372
3.39406 -0.32914
3.41754 -0.38641
3.40376 -0.32745
3.41946 -0.37374
3.39856 -0.34964
3.39299 -0.31160
3.40145 -0.31037
3.43788 -0.39982
3.39804 -0.30565
3.41489 -0.37136
3.40071 -0.32412
3.41755 -0.35272
3.41703 -0.36565
3.39765 -0.33248
3.42349 -0.36969
3.40927 -0.34156
3.39277 -0.31599
3.44579 -0.41141
3.39310 -0.32562
3.38887 -0.34156
3.41952 -0.37056
3.42111 -0.37854
3.38990 -0.32504
3.41884 -0.36014
3.42999 -0.38218
3.42084 -0.37135
3.41717 -0.36074
3.44200 -0.40370
3.42013 -0.35427
3.37436 -0.27863
3.39649 -0.30421
3.37475 -0.27755
3.41221 -0.34499
3.39565 -0.30682
3.41768 -0.36564
3.47559 -0.45263
3.40140 -0.34237
3.40625 -0.36190
3.42143 -0.37590
3.40619 -0.32914
3.39845 -0.32764
3.42333 -0.36555
3.41379 -0.35693
3.42179 -0.36203
3.41978 -0.33752
3.39669 -0.31147
3.39690 -0.32727
3.41756 -0.35332
3.42555 -0.40572
3.40518 -0.34096
3.42804 -0.36405
3.39949 -0.33216
3.38859 -0.32306
3.41955 -0.36999
3.40341 -0.33950
3.41076 -0.34223
3.41741 -0.34270
3.40625 -0.33279
3.41911 -0.35585
3.42669 -0.36302
3.39050 -0.30660
3.38243 -0.27873
3.40160 -0.32560
3.42100 -0.36466
3.39752 -0.31826
3.40309 -0.33784
3.41455 -0.34263
3.42173 -0.36904
3.39998 -0.31472
3.39368 -0.32421
3.41697 -0.34527
3.40949 -0.32434
3.39122 -0.30682
3.45656 -0.38845
3.39027 -0.31278
3.41550 -0.37562
3.39139 -0.30120
3.40783 -0.34432
3.40295 -0.33408
3.40247 -0.33458
3.41708 -0.34006
3.43416 -0.39340
3.43810 -0.39961
3.40605 -0.33143
3.43661 -0.38306
3.40290 -0.33059
3.42650 -0.39476
3.41056 -0.34061
3.44910 -0.40969
3.41612 -0.35167
3.41639 -0.35483
3.39178 -0.30099
3.42172 -0.35348
3.40655 -0.34197
3.40059 -0.33616
3.42162 -0.37509
3.38983 -0.32500
3.39616 -0.33144
3.43743 -0.41001
3.43319 -0.37739
3.43835 -0.37173
3.40399 -0.34024
3.41707 -0.34847
3.40428 -0.32820
3.44759 -0.38654
3.39443 -0.31310
3.39949 -0.32713
3.39173 -0.31067
3.42367 -0.35481
3.41423 -0.33252
3.49283 -0.45307
3.40538 -0.29962
3.44771 -0.40728
3.38881 -0.29062
3.42287 -0.36064
3.42477 -0.37523
3.43551 -0.39174
3.39909 -0.32668
3.39881 -0.33654
3.41094 -0.33632
3.44529 -0.40170
3.44554 -0.41048
3.39158 -0.32665
3.42111 -0.35743
3.44379 -0.40378
3.40578 -0.31242
3.39308 -0.31573
3.41810 -0.35141
3.41711 -0.32880
3.40621 -0.31399
3.41924 -0.33995
3.41045 -0.36327
3.37582 -0.27078
3.43078 -0.36727
3.39578 -0.32160
3.40738 -0.32064
3.41452 -0.34364
3.41003 -0.35319
3.44718 -0.40647
3.39509 -0.32874
3.42162 -0.35815
3.40791 -0.34403
3.40701 -0.34595
3.43448 -0.40758
3.43942 -0.41075
3.40308 -0.32661
3.42784 -0.37606
3.44995 -0.41006
3.43912 -0.37477
3.40281 -0.33655
3.41303 -0.34562
3.40510 -0.33603
3.40960 -0.34360
3.41299 -0.35609
3.40889 -0.33870
3.40839 -0.35551
3.42593 -0.36748
3.42539 -0.39291
3.39439 -0.32282
3.39909 -0.32005
3.38111 -0.31677
3.39583 -0.32913
3.45119 -0.43876
3.40860 -0.35371
3.44380 -0.38191
3.42974 -0.37022
3.41765 -0.36377
3.37931 -0.27310
3.40115 -0.32798
3.40483 -0.33054
3.41760 -0.36484
3.40564 -0.35034
3.44991 -0.40609
3.42700 -0.35034
3.41973 -0.36421
3.37106 -0.25946
3.42060 -0.38946
3.41264 -0.35628
3.39167 -0.32952
3.41067 -0.35204
3.37603 -0.27632
3.40368 -0.32191
3.38467 -0.30381
3.38188 -0.29618
3.40012 -0.33017
3.38571 -0.29715
3.40122 -0.32360
3.45524 -0.40622
3.41978 -0.37583
3.40062 -0.31044
3.43295 -0.39363
3.40558 -0.34925
3.40055 -0.33633
3.44269 -0.40646
3.42396 -0.37554
3.45362 -0.41676
3.40991 -0.34691
3.42375 -0.35706
3.41175 -0.34002
3.42385 -0.34662
3.38326 -0.29700
3.39714 -0.32486
3.38432 -0.27635
3.39627 -0.33042
3.37396 -0.29449
3.39177 -0.32245
3.40008 -0.32787
3.37201 -0.27546
3.39836 -0.31377
3.39135 -0.33805
3.39386 -0.32071
3.40052 -0.32481
3.40518 -0.35559
3.40785 -0.34224
3.41984 -0.35114
3.41520 -0.34742
3.42248 -0.36393
3.41611 -0.36308
3.39562 -0.34197
3.40180 -0.32888
3.46324 -0.40624
3.42124 -0.35160
3.40585 -0.33647
3.40780 -0.34041
3.40067 -0.35483
3.40837 -0.31662
3.38639 -0.32185
3.40705 -0.34442
3.38975 -0.30693
3.39371 -0.32664
3.39583 -0.34116
3.42176 -0.36068
3.41145 -0.34221
3.40892 -0.33532
3.40445 -0.33151
3.40246 -0.32263
3.40792 -0.32399
3.39052 -0.30783
3.36944 -0.29244
3.42759 -0.37628
3.38610 -0.30104
3.40438 -0.33182
3.38287 -0.29828
3.39550 -0.32066
3.46013 -0.42815
3.38390 -0.31542
3.40471 -0.32626
3.37681 -0.28711
3.42226 -0.38679
3.42510 -0.38272
3.41363 -0.35436
3.41748 -0.34355
3.41037 -0.32980
3.41822 -0.36626
3.38098 -0.29417
3.40589 -0.33945
3.44697 -0.41040
3.40356 -0.30935
3.39696 -0.32712
3.40083 -0.33540
3.39856 -0.31084
3.39454 -0.30776
3.42624 -0.37445
3.39777 -0.33948
3.39791 -0.32104
3.39791 -0.30545
3.39601 -0.30373
3.43397 -0.34912
3.38086 -0.31512
3.38819 -0.29792
3.39579 -0.32978
3.43696 -0.38884
3.36879 -0.28236
3.41813 -0.37565
3.39998 -0.32309
3.41451 -0.35739
3.41934 -0.38241
3.41441 -0.34612
3.39525 -0.32395
3.40487 -0.34370
3.43794 -0.39262
3.44418 -0.40337
3.39644 -0.33595
3.39745 -0.31602
3.43663 -0.40746
3.42772 -0.35967
3.43745 -0.42446
3.39468 -0.31512
3.39059 -0.30804
3.44688 -0.39378
3.44379 -0.38977
3.39868 -0.34430
3.38252 -0.29629
3.43129 -0.37146
3.40669 -0.33960
3.40010 -0.30081
3.46280 -0.43998
3.44224 -0.40994
3.39379 -0.32142
3.45029 -0.40593
3.44061 -0.38140
3.43763 -0.38915
3.38569 -0.32704
3.40710 -0.34949
3.41976 -0.34421
3.42852 -0.38106
3.43047 -0.37563
3.42322 -0.34984
3.41996 -0.35636
3.40411 -0.32754
3.43731 -0.36632
3.41397 -0.36394
3.42130 -0.37534
3.38995 -0.30689
3.42115 -0.36653
3.40404 -0.31912
3.38967 -0.31795
3.40032 -0.33890
3.39274 -0.28995
3.41281 -0.34273
3.41889 -0.38864
3.42446 -0.35894
3.42220 -0.34749
3.43026 -0.38519
3.40124 -0.34833
3.43099 -0.36621
3.38303 -0.29145
3.40661 -0.34858
3.44934 -0.42404
3.39335 -0.31938
3.38982 -0.32343
3.44091 -0.39218
3.43154 -0.36578
3.45432 -0.41770
3.39841 -0.30542
3.46488 -0.43873
3.38779 -0.30429
3.39060 -0.31014
3.40072 -0.35027
3.40768 -0.33659
3.42043 -0.36092
3.41104 -0.33982
3.35723 -0.23902
3.37478 -0.27226
3.42825 -0.37323
3.40753 -0.34568
3.41771 -0.34613
3.47732 -0.42699
3.43103 -0.35154
3.40934 -0.35792
3.40488 -0.32170
3.43185 -0.40458
3.36563 -0.27669
3.42428 -0.38327
3.38218 -0.30974
3.40186 -0.31744
3.40213 -0.32413
3.40199 -0.33932
3.42084 -0.38389
3.41714 -0.36066
3.41767 -0.34743
3.40488 -0.32821
3.47066 -0.42312
3.37627 -0.27080
3.37041 -0.25059
3.39609 -0.32173
3.45049 -0.40861
3.41687 -0.35199
3.42810 -0.37778
3.43481 -0.37644
3.41448 -0.33935
3.40838 -0.32483
3.40515 -0.34315
3.46330 -0.44228
3.40780 -0.35020
3.40639 -0.35188
3.39345 -0.30024
3.39773 -0.31969
3.42546 -0.37950
3.45831 -0.41698
3.38675 -0.30250
3.41548 -0.34338
3.41712 -0.35662
3.39267 -0.30768
3.41622 -0.36460
3.40544 -0.31662
3.39734 -0.30676
3.35325 -0.26967
3.40031 -0.32479
3.40220 -0.34634
3.39528 -0.32189
3.41833 -0.38355
3.37433 -0.26687
3.39841 -0.32651
3.41318 -0.33848
3.44898 -0.40579
3.40046 -0.32356
3.42293 -0.37357
3.38796 -0.30943
3.45964 -0.42818
3.40986 -0.32903
3.43003 -0.35572
3.41675 -0.36683
3.39571 -0.28874
3.42227 -0.34366
3.42085 -0.36739
3.41538 -0.36140
3.42059 -0.36418
3.40220 -0.33232
3.38597 -0.29894
3.48219 -0.43848
3.44767 -0.39399
3.42951 -0.38911
3.38550 -0.30504
3.38593 -0.32395
3.42291 -0.37057
3.39028 -0.31135
3.38539 -0.29629
3.42527 -0.34184
3.41314 -0.34750
3.38726 -0.29798
3.40124 -0.33502
3.43922 -0.39769
3.41915 -0.36872
3.36992 -0.30108
3.43828 -0.37323
3.42407 -0.36360
3.39462 -0.31450
3.41339 -0.35032
3.41021 -0.31021
3.43282 -0.39139
3.42412 -0.36885
3.42781 -0.39432
3.40291 -0.32752
3.42603 -0.38136
3.43319 -0.35679
3.39481 -0.33235
3.41588 -0.34647
3.45300 -0.40814
3.40822 -0.35190
3.41952 -0.35109
3.39436 -0.31624
3.41868 -0.35567
3.40519 -0.33328
3.41271 -0.34710
3.38333 -0.28921
3.41324 -0.35819
3.41535 -0.33028
3.40004 -0.33753
3.42982 -0.34970
3.42934 -0.36281
3.43552 -0.38745
3.40844 -0.33790
3.40816 -0.34719
3.40874 -0.33896
3.40928 -0.35641
3.42302 -0.37393
3.42327 -0.39566
3.41903 -0.36253
3.42838 -0.38103
3.37846 -0.29433
3.40180 -0.33357
3.43548 -0.37662
3.39663 -0.32852
3.43856 -0.39937
3.38569 -0.30265
3.41042 -0.35664
3.40064 -0.31075
3.44687 -0.40267
3.41673 -0.34936
3.38683 -0.30819
3.38308 -0.30316
3.41196 -0.35645
3.39407 -0.32314
3.41143 -0.38573
3.38149 -0.31145
3.40134 -0.31785
3.36953 -0.28274
3.42508 -0.34489
3.42930 -0.37509
3.40076 -0.32846
3.39253 -0.31065
3.41001 -0.34363
3.41076 -0.33910
3.39256 -0.31136
3.38682 -0.31293
3.40949 -0.35760
3.41707 -0.33050
3.38861 -0.30155
3.37701 -0.30994
3.45452 -0.40278
3.42127 -0.35197
3.39820 -0.34171
3.37959 -0.29329
3.39556 -0.33896
3.42034 -0.35565
3.39676 -0.32937
3.41152 -0.34236
3.41117 -0.32967
3.36566 -0.25129
3.38546 -0.30575
3.44569 -0.40279
3.46127 -0.43007
3.43048 -0.36317
3.42809 -0.35408
3.42493 -0.37996
3.42771 -0.34909
3.41088 -0.34863
3.41244 -0.34919
3.36321 -0.25977
3.37584 -0.27960
3.43245 -0.37437
3.42139 -0.34953
3.37742 -0.29664
3.42369 -0.37111
3.42042 -0.34990
3.45740 -0.42461
3.40967 -0.35611
3.37939 -0.29260
3.38071 -0.29449
3.42475 -0.37828
3.42948 -0.35324
3.40555 -0.32704
3.42589 -0.35604
3.44284 -0.39881
3.42371 -0.33938
3.40818 -0.35717
3.39968 -0.29441
3.45695 -0.44163
3.39111 -0.33122
3.40692 -0.31777
3.40827 -0.34520
3.42111 -0.36133
3.41331 -0.35292
3.42611 -0.38342
3.42895 -0.35820
3.40584 -0.34242
3.43490 -0.35820
3.42505 -0.35378
3.40883 -0.34372
3.46122 -0.42583
3.38651 -0.30512
3.40740 -0.34272
3.42011 -0.34438
3.42561 -0.38984
3.42383 -0.36407
3.41549 -0.35062
3.37723 -0.29398
3.38962 -0.31213
3.39027 -0.30119
3.38587 -0.30379
3.37044 -0.29482
3.39889 -0.32896
3.40645 -0.32612
3.42491 -0.36487
3.35934 -0.28681
3.40703 -0.34403
3.40137 -0.32446
3.38791 -0.31056
3.36208 -0.28617
3.42071 -0.40353
3.40287 -0.33108
3.41227 -0.34973
3.41135 -0.33973
3.38313 -0.27470
3.39918 -0.32938
3.38867 -0.32201
3.39735 -0.34037
3.41695 -0.36911
3.41382 -0.31652
3.39712 -0.30565
3.41615 -0.35009
3.46114 -0.42464
3.36736 -0.28451
3.41357 -0.34524
3.35566 -0.22485
3.41414 -0.35830
3.42166 -0.38529
3.41795 -0.37592
3.40596 -0.33292
3.41776 -0.35528
3.42278 -0.36906
3.41041 -0.36018
3.41560 -0.36546
3.37033 -0.26857
3.41399 -0.35804
3.37313 -0.28442
3.41251 -0.34984
3.41274 -0.36616
3.39438 -0.32455
3.40214 -0.30881
3.44358 -0.39869
3.39784 -0.33512
3.43007 -0.38348
3.43832 -0.40287
3.38484 -0.33084
3.39563 -0.29253
3.38398 -0.29123
3.37723 -0.29596
3.39387 -0.31866
3.44340 -0.37918
3.42438 -0.36834
3.40526 -0.33921
3.38462 -0.31864
3.40184 -0.33265
3.38070 -0.29760
3.42355 -0.38629
3.40813 -0.33716
3.41480 -0.35484
3.41371 -0.34641
3.41201 -0.37536
3.40701 -0.34865
3.39994 -0.32929
3.41232 -0.36053
3.41242 -0.34304
3.41570 -0.35193
3.40885 -0.32826
3.37096 -0.28517
3.40143 -0.31179
3.37080 -0.27684
3.40112 -0.30956
3.39306 -0.31980
3.40229 -0.32683
3.39688 -0.32953
3.40936 -0.34856
3.36654 -0.25632
3.39797 -0.33468
3.42560 -0.38655
3.40606 -0.33032
3.39508 -0.30627
3.40813 -0.32231
3.41706 -0.36111
3.42003 -0.37851
3.42473 -0.37215
3.40558 -0.36200
3.44772 -0.41341
3.40588 -0.33471
3.42852 -0.37810
3.42552 -0.34630
3.42232 -0.35524
3.38698 -0.28316
3.42088 -0.34298
3.41121 -0.34947
3.37618 -0.30771
3.43083 -0.37745
3.42509 -0.34564
3.41748 -0.36335
3.40279 -0.32290
3.42413 -0.37125
3.38581 -0.29622
3.45235 -0.42964
3.42272 -0.38375
3.40454 -0.32739
3.46419 -0.39832
3.39469 -0.30999
3.40464 -0.34496
3.39311 -0.32006
3.44506 -0.39789
3.40590 -0.33917
3.39128 -0.31404
3.39871 -0.32035
3.40492 -0.34235
3.43739 -0.40056
3.41146 -0.35010
3.41157 -0.36095
3.38249 -0.31267
3.41888 -0.34401
3.41999 -0.37028
3.42465 -0.36614
3.43061 -0.36827
3.38945 -0.31586
3.42700 -0.37171
3.41105 -0.33807
3.42620 -0.37346
3.42048 -0.36908
3.43241 -0.41332
3.43211 -0.37133
3.38889 -0.31193
3.43432 -0.37626
3.40923 -0.34883
3.40490 -0.33944
3.41853 -0.33279
3.40975 -0.35382
3.40875 -0.33321
3.41506 -0.38284
3.40534 -0.35118
3.39319 -0.31689
3.43964 -0.38146
3.42942 -0.37070
3.41066 -0.37184
3.40297 -0.34771
3.36913 -0.28499
3.39449 -0.32600
3.40547 -0.33476
3.44608 -0.41996
3.41520 -0.32262
3.41694 -0.35979
3.42955 -0.36466
3.41903 -0.36759
3.42283 -0.35614
3.44805 -0.44985
3.42490 -0.33445
3.39596 -0.31568
3.42256 -0.36377
3.41810 -0.35344
3.40132 -0.30952
3.42399 -0.37527
3.38188 -0.27409
3.40662 -0.33716
3.39970 -0.34320
3.41816 -0.36833
3.41409 -0.37040
3.39133 -0.29428
3.42876 -0.35289
3.41125 -0.34381
3.40611 -0.33418
3.41535 -0.35372
3.39310 -0.31114
3.40698 -0.34225
3.40934 -0.33835
3.41451 -0.36711
3.43025 -0.37499
3.39596 -0.31568
3.40076 -0.33424
3.45384 -0.40582
3.43679 -0.38078
3.42199 -0.39432
3.41187 -0.36574
3.44253 -0.41103
3.46830 -0.43160
3.40517 -0.33551
3.39785 -0.30639
3.40083 -0.34652
3.41354 -0.34080
3.43464 -0.39140
3.41310 -0.31400
3.40957 -0.35218
3.44800 -0.38123
3.39059 -0.28799
3.34183 -0.21346
3.40074 -0.33547
3.41266 -0.36371
3.46915 -0.45772
3.43229 -0.35287
3.42433 -0.36048
3.43263 -0.37507
3.41455 -0.35758
3.42709 -0.33928
3.38874 -0.32119
3.39671 -0.31113
3.44082 -0.38088
3.42350 -0.36790
3.38849 -0.30290
3.39251 -0.29898
3.45137 -0.40734
3.41536 -0.35287
3.40153 -0.34240
3.38642 -0.30468
3.42151 -0.36698
3.41442 -0.32234
3.42677 -0.37271
3.39107 -0.30267
3.40750 -0.34420
3.41590 -0.35139
3.43219 -0.41419
3.38567 -0.28712
3.42141 -0.37010
3.41733 -0.35287
3.40949 -0.35475
3.42319 -0.36469
3.43048 -0.35615
3.39315 -0.30644
3.42902 -0.36207
3.42681 -0.39196
3.38352 -0.31124
3.39433 -0.32732
3.40792 -0.34523
3.39496 -0.33619
3.38987 -0.31481
3.37017 -0.25676
3.38614 -0.30724
3.38973 -0.31314
3.39556 -0.31744
3.40461 -0.32065
3.43548 -0.37408
3.39700 -0.28773
3.41249 -0.33996
3.43190 -0.39969
3.41204 -0.33332
3.42310 -0.37266
3.40255 -0.33893
3.36899 -0.26717
3.46690 -0.43340
3.42214 -0.35552
3.38613 -0.33741
3.42315 -0.38170
3.36931 -0.27482
3.43763 -0.39087
3.41705 -0.36089
3.40024 -0.33680
3.43632 -0.37868
3.44010 -0.37507
3.40906 -0.35753
3.40763 -0.34697
3.39691 -0.33432
3.40080 -0.33746
3.38395 -0.26916
3.41694 -0.35535
3.39776 -0.31755
3.39371 -0.31021
3.40771 -0.33733
3.46161 -0.43924
3.38079 -0.30024
3.40188 -0.33409
3.41413 -0.36490
3.39316 -0.33280
3.43582 -0.39609
3.41506 -0.33996
3.40307 -0.32633
3.40965 -0.33640
3.40078 -0.32065
3.38292 -0.29147
3.40746 -0.33440
3.42537 -0.36466
3.40550 -0.34540
3.42671 -0.38499
3.41328 -0.34569
3.42022 -0.36558
3.37498 -0.27209
3.42366 -0.36098
3.40066 -0.35955
3.41418 -0.33136
3.39883 -0.35679
3.41674 -0.35893
3.45541 -0.42380
3.40848 -0.32188
3.44690 -0.42264
3.38734 -0.30459
3.38120 -0.31613
3.41847 -0.34909
3.38754 -0.29709
3.41781 -0.36920
3.35446 -0.23215
3.41722 -0.35473
3.37151 -0.26723
3.39492 -0.31243
3.35515 -0.25748
3.43072 -0.38278
3.43814 -0.36279
3.40388 -0.33413
3.41141 -0.31786
3.42392 -0.35906
3.42909 -0.36872
3.42866 -0.34160
3.40065 -0.32352
3.40240 -0.32885
3.40404 -0.33050
3.42845 -0.35413
3.41420 -0.34322
3.40155 -0.32999
3.42778 -0.37449
3.41188 -0.34484
3.42942 -0.38733
3.39694 -0.32720
3.39347 -0.31720
3.43684 -0.36345
3.39725 -0.30884
3.40518 -0.34558
3.41392 -0.35673
3.41175 -0.35811
3.40797 -0.34506
3.43292 -0.36733
3.40037 -0.32741
3.40446 -0.31655
3.42672 -0.37400
3.41449 -0.35277
3.43211 -0.37543
3.38915 -0.32134
3.42858 -0.38215
3.41718 -0.37016
3.42016 -0.35264
3.39448 -0.32538
3.43199 -0.37967
3.39089 -0.31045
3.41977 -0.36890
3.43075 -0.38730
3.39977 -0.32795
3.40242 -0.34779
3.41301 -0.35295
3.37747 -0.29499
3.40372 -0.33367
3.41128 -0.34664
3.38848 -0.30887
3.42699 -0.38439
3.40151 -0.34508
3.42103 -0.36100
3.39261 -0.31705
3.39198 -0.31334
3.43707 -0.40149
3.43614 -0.35331
3.44043 -0.37484
3.39617 -0.33176
3.37476 -0.30276
3.38860 -0.32493
3.41694 -0.35085
3.44899 -0.37786
3.39666 -0.32930
3.40351 -0.33711
3.41526 -0.34607
3.42128 -0.35425
3.37801 -0.29205
3.39990 -0.32811
3.37548 -0.28035
3.40875 -0.34646
3.42179 -0.37405
3.40873 -0.35476
3.39139 -0.27509
3.38811 -0.31269
3.38754 -0.31276
3.43074 -0.37609
3.41731 -0.33902
3.43476 -0.37015
3.42098 -0.34306
3.42203 -0.36031
3.40861 -0.34403
3.39619 -0.32062
3.41338 -0.33741
3.44235 -0.38083
3.42069 -0.33238
3.43435 -0.37331
3.38832 -0.31120
3.39827 -0.32980
3.42336 -0.36756
3.39942 -0.32903
3.39235 -0.30402
3.42619 -0.38771
3.37251 -0.29556
3.41330 -0.36028
3.41069 -0.36806
3.42220 -0.35075
3.44067 -0.37871
3.42839 -0.36576
3.39668 -0.33031
3.44276 -0.38851
3.39078 -0.30043
3.43398 -0.41055
3.40707 -0.34398
3.42676 -0.36373
3.36135 -0.26290
3.40604 -0.29818
3.50001 -0.53313
3.41106 -0.34356
3.39242 -0.31758
3.39222 -0.30956
3.39356 -0.33744
3.42187 -0.36961
3.38551 -0.28498
3.45173 -0.42058
3.42054 -0.36738
3.38317 -0.31902
3.40650 -0.33488
3.43975 -0.40144
3.42114 -0.37050
3.41617 -0.31991
3.38957 -0.30464
3.41082 -0.34942
3.42635 -0.34393
3.41158 -0.35040
3.38135 -0.30622
3.45396 -0.42007
3.43732 -0.39675
3.41296 -0.37028
3.38359 -0.29101
3.41891 -0.36710
3.40650 -0.33500
3.41528 -0.35824
3.41620 -0.35966
3.41550 -0.35517
3.41670 -0.35354
3.47017 -0.42891
3.39348 -0.32702
3.41651 -0.35078
3.39428 -0.32390
3.40847 -0.33656
3.39865 -0.31409
3.40315 -0.33411
3.41212 -0.33896
3.38293 -0.28651
3.39145 -0.32086
3.37911 -0.28169
3.40176 -0.34743
3.44906 -0.39685
3.40591 -0.36200
3.43439 -0.39224
3.40918 -0.32438
3.37401 -0.30250
3.40168 -0.31424
3.41944 -0.33063
3.41257 -0.33732
3.43715 -0.42810
3.40979 -0.32493
3.41750 -0.37171
3.44542 -0.37688
3.38442 -0.32052
3.37811 -0.30725
3.38696 -0.29233
3.43572 -0.40175
3.42852 -0.35122
3.41197 -0.34215
3.36436 -0.29329
3.42902 -0.36396
3.39153 -0.30731
3.41648 -0.34478
3.35749 -0.26205
3.39723 -0.31312
3.43289 -0.36179
3.41523 -0.34144
3.46388 -0.42903
3.42418 -0.37938
3.39176 -0.33018
3.39604 -0.33821
3.43850 -0.41294
3.38346 -0.29603
3.47088 -0.45303
3.41986 -0.32398
3.37166 -0.31201
3.42047 -0.37095
3.41710 -0.36810
3.39697 -0.31901
3.44002 -0.38351
3.39704 -0.31017
3.38736 -0.30479
3.37904 -0.28633
3.40720 -0.35043
3.40156 -0.34549
3.40940 -0.34127
3.36539 -0.28928
3.41703 -0.34766
3.42971 -0.40468
3.36594 -0.30039
3.40633 -0.33724
3.39056 -0.30552
3.43024 -0.36241
3.40163 -0.31129
3.38909 -0.32799
3.41566 -0.35141
3.39414 -0.31861
3.40076 -0.32079
3.41771 -0.33593
3.41914 -0.37043
3.40569 -0.31941
3.40862 -0.33230
3.47819 -0.43821
3.40005 -0.31020
3.45451 -0.39114
3.44989 -0.41547
3.38423 -0.31966
3.41975 -0.34649
3.39122 -0.29902
3.40890 -0.32870
3.40642 -0.34461
3.40553 -0.35728
3.39316 -0.28952
3.46096 -0.42635
3.43404 -0.39169
3.43787 -0.36228
3.39702 -0.33797
3.37899 -0.29845
3.41056 -0.33861
3.42526 -0.40357
3.39258 -0.33880
3.41446 -0.34829
3.40547 -0.33182
3.45209 -0.42446
3.41105 -0.34944
3.39929 -0.32527
3.42988 -0.36388
3.43088 -0.38537
3.40519 -0.34298
3.42413 -0.38192
3.41369 -0.36948
3.40131 -0.32117
3.39722 -0.31208
3.41453 -0.36469
3.37321 -0.28340
3.35841 -0.28087
3.42380 -0.36367
3.42401 -0.35400
3.41243 -0.33772
3.45655 -0.42012
3.43082 -0.38916
3.42546 -0.39707
3.40785 -0.35924
3.38649 -0.31642
3.40079 -0.33989
3.41800 -0.35761
3.41111 -0.33798
3.41442 -0.34891
3.45993 -0.43844
3.40462 -0.33498
3.38151 -0.30594
3.40918 -0.33609
3.42498 -0.36672
3.40142 -0.33559
3.42861 -0.38747
3.39161 -0.31277
3.40222 -0.33646
3.41199 -0.34323
3.38635 -0.30953
3.41466 -0.35789
3.43018 -0.37729
3.39822 -0.33364
3.39102 -0.30895
3.41547 -0.38898
3.43020 -0.38279
3.42017 -0.34863
3.41250 -0.34236
3.38371 -0.31466
3.42890 -0.40623
3.42121 -0.38489
3.43170 -0.39362
3.42202 -0.36751
3.43758 -0.40226
3.42386 -0.35443
3.37930 -0.30970
3.39354 -0.31533
3.39948 -0.33548
3.39225 -0.30830
3.44929 -0.41424
3.40984 -0.32807
3.38407 -0.30879
3.44426 -0.40795
3.39739 -0.32449
3.41135 -0.32650
3.39079 -0.30676
3.41986 -0.35649
3.34726 -0.26546
3.44376 -0.41901
3.40868 -0.33366
3.41159 -0.34527
3.39832 -0.32526
3.37254 -0.28716
3.40386 -0.33267
3.41831 -0.34301
3.39719 -0.32723
3.37892 -0.29619
3.39725 -0.31236
3.40284 -0.33104
3.41434 -0.34294
3.40181 -0.32183
3.40488 -0.35702
3.39946 -0.33432
3.42465 -0.37221
3.42089 -0.36592
3.39432 -0.28104
3.40760 -0.34103
3.43130 -0.40388
3.37938 -0.30227
3.40868 -0.34150
3.39888 -0.34940
3.39447 -0.32185
3.42996 -0.37175
3.41451 -0.37097
3.40398 -0.32718
3.43119 -0.39447
3.36053 -0.26172
3.38955 -0.30779
3.40718 -0.32686
3.41141 -0.36201
3.39253 -0.32155
3.40979 -0.32931
3.39151 -0.31099
3.36685 -0.26784
3.42411 -0.37477
3.42538 -0.35914
3.42967 -0.39612
3.42383 -0.37316
3.44346 -0.40621
3.40140 -0.31764
3.42400 -0.39194
3.39174 -0.31096
3.40508 -0.34940
3.41566 -0.34653
3.43615 -0.37749
3.38548 -0.29380
3.39596 -0.31568
3.41592 -0.35320
3.41029 -0.34217
3.42648 -0.37921
3.39971 -0.31468
3.40416 -0.35521
3.39496 -0.31188
3.40383 -0.34625
3.38309 -0.31206
3.43316 -0.39280
3.40800 -0.33115
3.37452 -0.27831
3.42232 -0.36068
3.40669 -0.35842
3.38821 -0.31516
3.41071 -0.33086
3.41978 -0.36456
3.41306 -0.36553
3.42118 -0.36961
3.39749 -0.32738
3.44069 -0.38218
3.40059 -0.33399
3.37672 -0.29829
3.42197 -0.35849
3.39970 -0.33387
3.38788 -0.31218
3.43127 -0.39129
3.42353 -0.40102
3.38714 -0.31688
3.41679 -0.37719
3.42002 -0.37582
3.40664 -0.34835
3.39201 -0.30935
3.43171 -0.38428
3.37762 -0.29877
3.39671 -0.32744
3.39520 -0.32285
3.42022 -0.36812
3.37563 -0.28066
3.38444 -0.32274
3.42400 -0.36367
3.40465 -0.36681
3.41948 -0.35091
3.39325 -0.31376
3.40953 -0.35229
3.38680 -0.30855
3.44940 -0.39966
3.39895 -0.32518
3.41907 -0.37347
3.42420 -0.35790
3.40911 -0.34062
3.38643 -0.30517
3.41647 -0.31206
3.43396 -0.39395
3.39574 -0.31468
3.38094 -0.30000
3.40256 -0.34005
3.40396 -0.32758
3.41112 -0.35066
3.40581 -0.33712
3.41342 -0.35652
3.42630 -0.35664
3.40488 -0.33544
3.41202 -0.35836
3.38437 -0.29048
3.41371 -0.36459
3.44362 -0.38232
3.39138 -0.30411
3.44625 -0.40701
3.40385 -0.35861
3.40773 -0.34432
3.42111 -0.36065
3.40340 -0.33347
3.43766 -0.39733
3.41163 -0.34361
3.37496 -0.28148
3.41500 -0.35832
3.45853 -0.44808
3.44380 -0.39993
3.43570 -0.38827
3.40775 -0.34455
3.43535 -0.38241
3.40092 -0.32051
3.40877 -0.35444
3.41091 -0.33871
3.40706 -0.34730
3.38270 -0.28605
3.39870 -0.32303
3.44827 -0.40543
3.39293 -0.30496
3.43217 -0.37027
3.41562 -0.34340
3.40197 -0.32973
3.40132 -0.32164
3.38360 -0.30578
3.39626 -0.32587
3.43181 -0.37179
3.41652 -0.39929
3.40538 -0.32741
3.40542 -0.32192
3.42273 -0.36062
3.40049 -0.30244
3.42375 -0.35908
3.41382 -0.35027
3.42797 -0.38830
3.40193 -0.34134
3.42365 -0.38516
3.39771 -0.31937
3.42500 -0.37655
3.36816 -0.27354
3.38500 -0.29906
3.40557 -0.32322
3.42991 -0.38768
3.41616 -0.32327
3.40685 -0.33393
3.42215 -0.37556
3.41896 -0.36009
3.39453 -0.31953
3.38778 -0.33407
3.44075 -0.40094
3.44081 -0.38560
3.43162 -0.40852
3.45317 -0.40919
3.42628 -0.36506
3.39169 -0.32062
3.40494 -0.34735
3.39079 -0.29439
3.40308 -0.33611
3.39779 -0.33947
3.38569 -0.31308
3.44172 -0.40969
3.40759 -0.32892
3.40572 -0.33643
3.41137 -0.34673
3.39638 -0.34956
3.41094 -0.34718
3.39483 -0.30329
3.35978 -0.26535
3.40620 -0.34438
3.40963 -0.33695
3.37173 -0.28731
3.33362 -0.20856
3.42355 -0.37265
3.41269 -0.33597
3.41466 -0.34178
3.42282 -0.35431
3.39005 -0.30819
3.39444 -0.30919
3.38153 -0.30974
3.42320 -0.35060
3.43163 -0.38283
3.38656 -0.27086
3.42263 -0.34842
3.45490 -0.39441
3.40672 -0.33807
3.37121 -0.29230
3.43099 -0.36624
3.39603 -0.33280
3.45487 -0.42604
3.43775 -0.40449
3.39637 -0.32243
3.39119 -0.31312
3.35552 -0.25607
3.39787 -0.34051
3.43737 -0.37031
3.40908 -0.32524
3.40039 -0.29642
3.39485 -0.35875
3.44684 -0.40737
3.42249 -0.36115
3.41662 -0.36217
3.40695 -0.29819
3.39422 -0.31552
3.40957 -0.34995
3.45048 -0.43780
3.39939 -0.32153
3.36921 -0.27098
3.41397 -0.36694
3.44302 -0.41042
3.41432 -0.35451
3.40994 -0.34382
3.43231 -0.35906
3.40911 -0.34062
3.42196 -0.36386
3.40598 -0.34766
3.40046 -0.32250
3.42269 -0.36438
3.40773 -0.33326
3.40463 -0.33664
3.42378 -0.34232
3.40506 -0.32681
3.40158 -0.33923
3.41254 -0.33351
3.37512 -0.27867
3.40515 -0.33230
3.40549 -0.34271
3.41000 -0.34066
3.38978 -0.31059
3.43723 -0.39702
3.41094 -0.33706
3.41522 -0.35636
3.39359 -0.30442
3.41477 -0.34388
3.38834 -0.29720
3.42416 -0.34339
3.40783 -0.33376
3.41497 -0.35313
3.36405 -0.27633
3.39754 -0.34813
3.42019 -0.33307
3.42515 -0.38418
3.41539 -0.35921
3.41997 -0.35130
3.41920 -0.36679
3.40533 -0.33578
3.38765 -0.30953
3.41758 -0.35154
3.42172 -0.38375
3.38049 -0.29394
3.41523 -0.35230
3.42078 -0.36804
3.44085 -0.35745
3.42349 -0.38062
3.39123 -0.32634
3.43706 -0.39577
3.41100 -0.33614
3.44164 -0.39822
3.39495 -0.32649
3.39756 -0.33071
3.41943 -0.34991
3.41289 -0.33650
3.37318 -0.29120
3.44325 -0.37324
3.40726 -0.34834
3.37982 -0.27463
3.40701 -0.33805
3.42529 -0.36722
3.41383 -0.34524
3.41428 -0.35219
3.38471 -0.29628
3.45939 -0.43100
3.38385 -0.31778
3.41051 -0.35321
3.39152 -0.29706
3.33096 -0.20107
3.40544 -0.33146
3.38141 -0.26357
3.40287 -0.31779
3.43531 -0.37856
3.41379 -0.37343
3.40603 -0.37444
3.45367 -0.41703
3.42492 -0.37694
3.40713 -0.32843
3.41085 -0.33461
3.39964 -0.32673
3.39906 -0.33926
3.40891 -0.32858
3.39350 -0.30484
3.43207 -0.36703
3.41891 -0.36079
3.40004 -0.32364
3.43463 -0.36719
3.41107 -0.34104
3.40617 -0.34119
3.38100 -0.29199
3.37642 -0.28068
3.42160 -0.36127
3.40586 -0.34593
3.40400 -0.35953
3.42345 -0.36067
3.43348 -0.36190
3.38291 -0.30280
3.39263 -0.30932
3.40512 -0.34987
3.40506 -0.33006
3.39163 -0.32777
3.44530 -0.39336
3.40440 -0.31662
3.40740 -0.36188
3.40351 -0.33399
3.39478 -0.32510
3.40455 -0.33808
3.34292 -0.24770
3.38916 -0.30844
3.39550 -0.30783
3.42341 -0.37132
3.38417 -0.30888
3.42237 -0.37115
3.38270 -0.30002
3.41734 -0.35840
3.42056 -0.36058
3.37021 -0.29238
3.43973 -0.38958
3.39792 -0.33731
3.39964 -0.31574
3.41434 -0.34756
3.37875 -0.31226
3.44191 -0.39959
3.44431 -0.41642
3.40107 -0.33900
3.43421 -0.39160
3.41912 -0.37015
3.38960 -0.30794
3.40373 -0.33712
3.39998 -0.31631
3.43552 -0.37265
3.43224 -0.39469
3.40342 -0.36567
3.42245 -0.35800
3.41187 -0.33152
3.39792 -0.34119
3.42281 -0.36696
3.40737 -0.34462
3.39217 -0.32473
3.42036 -0.33270
3.39014 -0.32380
3.40117 -0.33520
3.41054 -0.33067
3.38424 -0.30291
3.41303 -0.35247
3.38885 -0.32301
3.39683 -0.31695
3.40817 -0.31202
3.40732 -0.32707
3.42650 -0.39891
3.40797 -0.32649
3.38567 -0.28387
3.42246 -0.37333
3.39834 -0.32923
3.44110 -0.39764
3.39573 -0.31076
3.38763 -0.31298
3.39360 -0.33486
3.39375 -0.30303
3.39546 -0.31641
3.40722 -0.34441
3.41024 -0.36179
3.40542 -0.35474
3.42132 -0.36354
3.44722 -0.40053
3.44347 -0.40893
3.39729 -0.33119
3.43485 -0.38537
3.38655 -0.30711
3.41693 -0.34479
3.39971 -0.32995
3.41668 -0.36768
3.37370 -0.30405
3.42296 -0.35691
3.40512 -0.32858
3.41171 -0.36951
3.41086 -0.32070
3.40747 -0.33690
3.44488 -0.44872
3.42876 -0.38875
3.43338 -0.37319
3.42535 -0.37939
3.39300 -0.32022
3.41743 -0.36374
3.36983 -0.29275
3.39139 -0.29167
3.40082 -0.30131
3.39522 -0.30510
3.42861 -0.36586
3.38708 -0.30743
3.38939 -0.30195
3.44336 -0.37263
3.41648 -0.37649
3.40416 -0.31256
3.42395 -0.40605
3.42167 -0.39515
3.40147 -0.31842
3.41126 -0.34057
3.35849 -0.25419
3.41850 -0.36406
3.36946 -0.30538
3.48011 -0.43998
3.37113 -0.30809
3.40804 -0.31287
3.48433 -0.46203
3.41422 -0.34672
3.37971 -0.31323
3.39206 -0.33269
3.36768 -0.27769
3.39286 -0.32219
3.40834 -0.35396
3.39577 -0.32821
3.40330 -0.35237
3.40206 -0.31549
3.40048 -0.33222
3.41664 -0.35382
3.44792 -0.39281
3.40419 -0.36433
3.40729 -0.32617
3.43625 -0.37157
3.47333 -0.44410
3.45874 -0.37374
3.38960 -0.29761
3.38345 -0.29848
3.38880 -0.29053
3.37756 -0.29887
3.40884 -0.33647
3.40171 -0.33860
3.39362 -0.31072
3.43365 -0.38771
3.42253 -0.34009
3.40631 -0.33850
3.40873 -0.30062
3.39418 -0.32348
3.41141 -0.35325
3.41033 -0.36663
3.43000 -0.38210
3.37939 -0.29740
3.39940 -0.31238
3.42506 -0.36576
3.39354 -0.33279
3.41940 -0.37128
3.41841 -0.34471
3.40197 -0.33571
3.40110 -0.33485
3.43673 -0.39537
3.41347 -0.34113
3.39951 -0.31464
3.41039 -0.35278
3.43785 -0.40020
3.40723 -0.33442
3.43853 -0.38662
3.41155 -0.35044
3.41349 -0.35265
3.43236 -0.39957
3.40068 -0.33976
3.40412 -0.32051
3.45800 -0.41837
3.41554 -0.36405
3.38227 -0.29265
3.41770 -0.35999
3.40196 -0.32690
3.35642 -0.24776
3.38339 -0.32266
3.40409 -0.33554
3.39683 -0.31627
3.43012 -0.38639
3.41869 -0.34361
3.39410 -0.32827
3.43246 -0.37631
3.40681 -0.32183
3.42886 -0.39989
3.42774 -0.38661
3.35604 -0.25064
3.42369 -0.36595
3.40695 -0.35038
3.41889 -0.37363
3.38919 -0.30709
3.39636 -0.32202
3.43627 -0.40389
3.41199 -0.36700
3.43351 -0.38382
3.36042 -0.25846
3.40579 -0.33728
3.39682 -0.33127
3.41351 -0.35863
3.41201 -0.35007
3.43893 -0.39541
3.41920 -0.34858
3.42656 -0.36366
3.43306 -0.37632
3.42575 -0.36502
3.42995 -0.36557
3.39977 -0.31649
3.39798 -0.32478
3.40642 -0.33364
3.40995 -0.34275
3.39183 -0.31808
3.44691 -0.40571
3.42879 -0.40373
3.40850 -0.34661
3.38203 -0.29367
3.40985 -0.35899
3.43216 -0.37763
3.42663 -0.35904
3.38642 -0.27484
3.42531 -0.36307
3.40883 -0.36785
3.42398 -0.37044
3.36637 -0.25616
3.39504 -0.31779
3.39130 -0.32459
3.43404 -0.35529
3.36516 -0.24558
3.40640 -0.34476
3.40457 -0.32209
3.40416 -0.34130
3.41318 -0.38296
3.40803 -0.35298
3.43555 -0.36493
3.40015 -0.33247
3.39506 -0.31515
3.39455 -0.33588
3.39682 -0.32202
3.41853 -0.34313
3.39968 -0.31986
3.40908 -0.34606
3.42879 -0.36794
3.43425 -0.38397
3.40694 -0.34184
3.37913 -0.29144
3.46539 -0.42675
3.42912 -0.36506
3.43242 -0.38382
3.41195 -0.35632
3.43536 -0.36691
3.41437 -0.37204
3.40837 -0.33844
3.40736 -0.33809
3.41708 -0.34805
3.35823 -0.28632
3.39518 -0.34267
3.42701 -0.38575
3.42583 -0.37238
3.40827 -0.34379
3.42421 -0.36960
3.40066 -0.35184
3.41374 -0.32191
3.39904 -0.31905
3.41612 -0.38502
3.46335 -0.43001
3.39508 -0.35274
3.42221 -0.36448
3.40456 -0.33493
3.40552 -0.32625
3.38854 -0.31006
3.42771 -0.37758
3.41263 -0.35304
3.41763 -0.33028
3.41953 -0.38173
3.41731 -0.32573
3.43117 -0.36364
3.47906 -0.42575
3.44428 -0.39237
3.39407 -0.31073
3.41893 -0.36643
3.40306 -0.33825
3.43227 -0.39064
3.45511 -0.41328
3.41104 -0.34288
3.39174 -0.32458
3.40463 -0.33123
3.40559 -0.34022
3.41548 -0.35313
3.40590 -0.34389
3.44486 -0.40721
3.42091 -0.36959
3.39715 -0.31481
3.41466 -0.34640
3.40621 -0.33983
3.46513 -0.42250
3.43088 -0.40174
3.37761 -0.28977
3.41766 -0.33942
3.38179 -0.29700
3.40685 -0.33056
3.41028 -0.30436
3.37701 -0.27901
3.40634 -0.35256
3.40283 -0.31657
3.41765 -0.34596
3.40884 -0.33458
3.39996 -0.32850
3.46796 -0.45502
3.40336 -0.36183
3.40889 -0.34051
3.40985 -0.35436
3.41370 -0.36008
3.39912 -0.33909
3.41243 -0.37279
3.39304 -0.33720
3.43165 -0.38882
3.38934 -0.32113
3.42733 -0.36548
3.43403 -0.38174
3.36294 -0.24788
3.45035 -0.42438
3.41959 -0.35284
3.39587 -0.31027
3.41493 -0.35568
3.40426 -0.32919
3.39246 -0.31048
3.41159 -0.37620
3.42088 -0.37323
3.40935 -0.34631
3.40794 -0.33031
3.40927 -0.33986
3.47783 -0.45835
3.42239 -0.35704
3.42444 -0.34318
3.40244 -0.32780
3.43293 -0.35357
3.36015 -0.25311
3.39582 -0.27732
3.38250 -0.32482
3.39747 -0.33347
3.41048 -0.34069
3.40852 -0.35555
3.38891 -0.30539
3.44322 -0.40956
3.41545 -0.34063
3.40829 -0.35756
3.38525 -0.30068
3.40208 -0.32840
3.45324 -0.40890
3.40907 -0.35203
3.40979 -0.32395
3.41049 -0.33756
3.42364 -0.39530
3.44757 -0.41033
3.41377 -0.35043
3.40939 -0.34323
3.40144 -0.33141
3.36492 -0.25502
3.40144 -0.33279
3.38984 -0.30489
3.42510 -0.34840
3.43030 -0.38529
3.41315 -0.34395
3.38251 -0.27444
3.38834 -0.31943
3.39819 -0.35023
3.40152 -0.33741
3.40105 -0.32371
3.42092 -0.37393
3.38567 -0.32207
3.36618 -0.25221
3.41925 -0.37062
3.38129 -0.28379
3.42482 -0.38158
3.41279 -0.34148
3.39962 -0.34469
3.41402 -0.33228
3.39484 -0.31554
3.40275 -0.35402
3.41764 -0.36087
3.41261 -0.33826
3.38818 -0.31973
3.41219 -0.35381
3.38941 -0.32513
3.39621 -0.31345
3.42567 -0.35465
3.44271 -0.36268
3.41591 -0.36868
3.40981 -0.33197
3.42605 -0.38166
3.39864 -0.34923
3.43549 -0.38467
3.39121 -0.30925
3.41064 -0.34027
3.43432 -0.39176
3.40168 -0.32662
3.39933 -0.31674
3.46253 -0.41795
3.37797 -0.30842
3.43028 -0.39069
3.42666 -0.36682
3.41251 -0.37870
3.41003 -0.34802
3.41226 -0.30798
3.39742 -0.32952
3.40952 -0.33725
3.47872 -0.44510
3.41977 -0.35909
3.39964 -0.33379
3.43054 -0.33453
3.42367 -0.36678
3.41170 -0.34410
3.42885 -0.36673
3.41070 -0.33239
3.40676 -0.34308
3.38837 -0.29182
3.36649 -0.26659
3.41493 -0.35281
3.40252 -0.33973
3.47417 -0.44343
3.37649 -0.27646
3.42588 -0.37804
3.40796 -0.33997
3.41713 -0.33687
3.39720 -0.33331
3.46795 -0.44296
3.40737 -0.35299
3.39082 -0.29763
3.39322 -0.31595
3.40632 -0.34475
3.45608 -0.38036
3.47336 -0.46747
3.40551 -0.34818
3.36704 -0.29137
3.41288 -0.34727
3.39383 -0.32769
3.43805 -0.37647
3.38019 -0.31473
3.45680 -0.43265
3.41192 -0.35515
3.41811 -0.36762
3.38553 -0.30519
3.39648 -0.31541
3.41502 -0.33361
3.45770 -0.42505
3.41054 -0.33011
3.39797 -0.31932
3.41158 -0.34778
3.40336 -0.33433
3.42582 -0.38813
3.44945 -0.40428
3.39120 -0.32055
3.36636 -0.28458
3.42605 -0.37196
3.39686 -0.31522
3.41740 -0.39186
3.39349 -0.31644
3.42626 -0.36686
3.43446 -0.36707
3.40620 -0.34817
3.39448 -0.33480
3.41804 -0.35967
3.45591 -0.37481
3.43937 -0.39418
3.41966 -0.34494
3.38944 -0.28729
3.43773 -0.36060
3.42258 -0.37135
3.42124 -0.35361
3.45977 -0.42007
3.41087 -0.36564
3.43263 -0.37726
3.40263 -0.32825
3.40239 -0.36020
3.41145 -0.34785
3.41160 -0.34604
3.40292 -0.32464
3.43369 -0.38500
3.38101 -0.30517
3.43600 -0.36502
3.39289 -0.31375
3.40000 -0.34579
3.41362 -0.35183
3.41007 -0.36078
3.41560 -0.36005
3.34811 -0.27226
3.40937 -0.35432
3.41126 -0.34225
