# ra dec
3.42533 -0.37279
3.40613 -0.35613
3.43515 -0.38186
3.41952 -0.35461
3.40415 -0.33160
3.40027 -0.33464
3.43353 -0.37929
3.40961 -0.33525
3.41836 -0.36527
3.38620 -0.31710
3.40041 -0.31356
3.44534 -0.40153
3.39848 -0.31612
3.42178 -0.37689
3.38463 -0.31268
3.44718 -0.41877
3.46916 -0.41773
3.42328 -0.38112
3.40688 -0.34625
3.39125 -0.32633
3.38430 -0.31741
3.41006 -0.33578
3.43609 -0.39598
3.40370 -0.32144
3.43156 -0.39316
3.39497 -0.31560
3.44035 -0.37192
3.38655 -0.31465
3.37806 -0.28946
3.44639 -0.40591
3.44107 -0.41317
3.43612 -0.38435
3.44265 -0.41625
3.41298 -0.35453
3.43011 -0.34704
3.39942 -0.30697
3.38650 -0.29910
3.42098 -0.36571
3.41182 -0.34640
3.43515 -0.37241
3.40764 -0.35664
3.41836 -0.32977
3.40722 -0.33955
3.44607 -0.43577
3.44074 -0.41248
3.42073 -0.37861
3.43890 -0.41019
3.44338 -0.43022
3.42956 -0.40550
3.42122 -0.39417
3.39808 -0.32257
3.41523 -0.35793
3.39699 -0.31440
3.37165 -0.27406
3.41666 -0.33113
3.43296 -0.38359
3.41366 -0.36394
3.40277 -0.32417
3.39205 -0.31587
3.44713 -0.39977
3.45824 -0.44686
3.43039 -0.40386
3.40405 -0.31727
3.44121 -0.41420
3.42281 -0.35401
3.41801 -0.32399
3.42204 -0.37494
3.41906 -0.36679
3.39110 -0.30686
3.36264 -0.26893
3.39352 -0.32582
3.43432 -0.37103
3.42042 -0.35681
3.43096 -0.38414
3.43643 -0.38707
3.34951 -0.25437
3.38696 -0.30476
3.39021 -0.30977
3.45136 -0.39320
3.37464 -0.26267
3.42384 -0.34408
3.43036 -0.39130
3.44940 -0.37503
3.40044 -0.33668
3.41547 -0.36247
3.42423 -0.36084
3.37964 -0.29932
3.42170 -0.37547
3.41503 -0.35736
3.39185 -0.32296
3.39571 -0.30619
3.39376 -0.29781
3.41393 -0.36485
3.39479 -0.31449
3.43963 -0.37406
3.42364 -0.34275
3.37428 -0.27800
3.47060 -0.44952
3.40060 -0.32360
3.43136 -0.33716
3.40641 -0.34916
3.40742 -0.32536
3.42736 -0.36615
3.41820 -0.36295
3.43574 -0.38731
3.43770 -0.40776
3.39356 -0.31017
3.43971 -0.39629
3.41031 -0.35736
3.41523 -0.35518
3.37561 -0.32159
3.41902 -0.34978
3.41651 -0.37465
3.38835 -0.32819
3.40826 -0.35246
3.42050 -0.35997
3.42175 -0.36133
3.38466 -0.30238
3.38822 -0.30689
3.43103 -0.36482
3.39767 -0.32440
3.42641 -0.37903
3.38081 -0.30062
3.44088 -0.39725
3.44340 -0.38942
3.42155 -0.34070
3.39372 -0.31999
3.40463 -0.31210
3.41819 -0.36438
3.40996 -0.32868
3.42938 -0.36046
3.45829 -0.43032
3.39789 -0.34076
3.41222 -0.33045
3.41064 -0.36264
3.41411 -0.33432
3.39042 -0.31855
3.40056 -0.33230
3.40440 -0.33781
3.41299 -0.35921
3.40050 -0.30801
3.36981 -0.28018
3.43251 -0.37383
3.39663 -0.32663
3.38929 -0.30766
3.39519 -0.32564
3.40026 -0.30479
3.39372 -0.33902
3.44386 -0.38578
3.40915 -0.34839
3.39430 -0.30593
3.41222 -0.35634
3.37773 -0.28813
3.39586 -0.32572
3.40944 -0.34605
3.39713 -0.31129
3.41954 -0.34157
3.37913 -0.31158
3.43062 -0.37722
3.36363 -0.26704
3.38206 -0.29976
3.40804 -0.33526
3.39036 -0.30617
3.41176 -0.31548
3.42553 -0.35095
3.40569 -0.32400
3.41000 -0.33472
3.42370 -0.38069
3.36694 -0.28036
3.42882 -0.34771
3.40235 -0.32689
3.43949 -0.40098
3.43152 -0.37047
3.41690 -0.37240
3.40668 -0.33682
3.39608 -0.31218
3.43745 -0.35721
3.39300 -0.30463
3.39077 -0.33216
3.40882 -0.32367
3.40362 -0.35016
3.40579 -0.33323
3.39660 -0.32414
3.37986 -0.29691
3.40272 -0.33694
3.40826 -0.33688
3.43730 -0.38226
3.38384 -0.31627
3.37000 -0.29599
3.43837 -0.41499
3.40432 -0.34623
3.40591 -0.31957
3.40685 -0.34687
3.42149 -0.35124
3.42181 -0.35088
3.45109 -0.44382
3.40554 -0.33688
3.41827 -0.36725
3.40736 -0.34971
3.40833 -0.32104
3.38921 -0.31582
3.40508 -0.30933
3.45634 -0.43134
3.40836 -0.33724
3.44530 -0.41168
3.39362 -0.32154
3.41532 -0.35009
3.40757 -0.33920
3.40388 -0.30705
3.44260 -0.39924
3.42592 -0.38037
3.38133 -0.31111
3.40104 -0.34699
3.41608 -0.33782
3.41013 -0.32313
3.40324 -0.35915
3.41441 -0.34591
3.40208 -0.32552
3.40480 -0.32946
3.37922 -0.28681
3.41752 -0.35359
3.41852 -0.35073
3.40324 -0.32843
3.39874 -0.31263
3.39715 -0.30317
3.38850 -0.32113
3.38264 -0.30501
3.42694 -0.39097
3.44445 -0.40524
3.40003 -0.32251
3.36251 -0.29922
3.40954 -0.33311
3.40831 -0.33323
3.43985 -0.39384
3.41883 -0.33369
3.44017 -0.39201
3.39930 -0.30484
3.39852 -0.33670
3.43243 -0.39761
3.43448 -0.38720
3.39470 -0.30356
3.41901 -0.36922
3.43112 -0.41087
3.44763 -0.39099
3.36690 -0.25474
3.42714 -0.38134
3.41509 -0.35556
3.39168 -0.31980
3.40054 -0.32581
3.40125 -0.31753
3.39382 -0.32997
3.36288 -0.26227
3.43643 -0.40056
3.44581 -0.39105
3.40031 -0.31517
3.44913 -0.41698
3.41218 -0.36381
3.46509 -0.42788
3.37068 -0.27921
3.39140 -0.30394
3.42497 -0.36436
3.41841 -0.34968
3.38260 -0.28351
3.41713 -0.36403
3.41775 -0.34262
3.43207 -0.40089
3.38225 -0.29269
3.40017 -0.34060
3.41679 -0.36453
3.40323 -0.32439
3.43002 -0.37412
3.42367 -0.39197
3.38160 -0.29734
3.39825 -0.32725
3.36988 -0.29760
3.42727 -0.36834
3.40883 -0.37870
3.40882 -0.35331
3.40547 -0.31459
3.42371 -0.37106
3.42810 -0.38269
3.39081 -0.29752
3.43147 -0.39147
3.42540 -0.35013
3.38633 -0.32084
3.39550 -0.30617
3.39820 -0.33377
3.42288 -0.38800
3.44182 -0.42772
3.39574 -0.31152
3.40665 -0.33391
3.38098 -0.31948
3.41018 -0.35783
3.42700 -0.36617
3.43720 -0.38688
3.45683 -0.41812
3.36920 -0.27999
3.40460 -0.32411
3.45840 -0.42391
3.41286 -0.33840
3.43675 -0.42535
3.42371 -0.38292
3.40738 -0.33309
3.43253 -0.37140
3.44410 -0.41121
3.41419 -0.33794
3.40358 -0.30854
3.39262 -0.30223
3.36789 -0.26729
3.37907 -0.28953
3.39995 -0.34008
3.44565 -0.39863
3.45480 -0.41989
3.39651 -0.33262
3.42957 -0.39310
3.38537 -0.28967
3.38216 -0.30007
3.43900 -0.38478
3.41649 -0.35199
3.38142 -0.29957
3.42237 -0.37551
3.42205 -0.35771
3.42847 -0.36801
3.42455 -0.38374
3.42538 -0.38863
3.39176 -0.32403
3.42086 -0.33735
3.41894 -0.35174
3.41120 -0.33123
3.41961 -0.34553
3.39647 -0.30932
3.42398 -0.36828
3.45794 -0.43646
3.40842 -0.32635
3.41893 -0.38162
3.42990 -0.36174
3.45262 -0.43296
3.41649 -0.37032
3.39405 -0.32045
3.38523 -0.29186
3.40081 -0.29962
3.42475 -0.38206
3.43446 -0.36751
3.37661 -0.28030
3.40029 -0.32189
3.40718 -0.35981
3.42214 -0.36385
3.42229 -0.38708
3.39436 -0.33494
3.41483 -0.36230
3.43229 -0.41601
3.39732 -0.33074
3.41568 -0.35812
3.40652 -0.33255
3.39286 -0.29298
3.41289 -0.34918
3.41730 -0.36137
3.40896 -0.32163
3.39790 -0.33288
3.38374 -0.31845
3.39229 -0.29764
3.41305 -0.33866
3.39453 -0.30557
3.39155 -0.31706
3.42437 -0.39559
3.42439 -0.35387
3.41654 -0.34878
3.40461 -0.33233
3.40108 -0.32607
3.42343 -0.34917
3.45824 -0.44686
3.38732 -0.32314
3.39378 -0.30935
3.42518 -0.34734
3.41934 -0.35459
3.41214 -0.35250
3.40086 -0.31117
3.39379 -0.35271
3.40894 -0.31624
3.44873 -0.41400
3.43039 -0.38962
3.42325 -0.37640
3.39208 -0.31199
3.41712 -0.34052
3.38334 -0.28259
3.45133 -0.41950
3.39944 -0.31889
3.40637 -0.31240
3.40048 -0.32649
3.46276 -0.42311
3.39801 -0.33979
3.36652 -0.26864
3.42249 -0.38534
3.40105 -0.35375
3.39098 -0.31541
3.39841 -0.33179
3.40638 -0.34649
3.39429 -0.31613
3.43721 -0.36145
3.40981 -0.34991
3.41344 -0.34677
3.43588 -0.35162
3.41857 -0.34809
3.41196 -0.32213
3.38406 -0.28671
3.41475 -0.33715
3.36266 -0.30329
3.43209 -0.36800
3.40611 -0.32297
3.41419 -0.33980
3.42765 -0.37939
3.42838 -0.38049
3.41900 -0.35565
3.40799 -0.35199
3.43641 -0.38809
3.41400 -0.36282
3.38991 -0.31661
3.41818 -0.38539
3.40704 -0.34236
3.40743 -0.34452
3.41909 -0.38245
3.41201 -0.34858
3.36442 -0.25519
3.44285 -0.39100
3.41733 -0.35610
3.44107 -0.39928
3.43542 -0.37950
3.45109 -0.44382
3.40681 -0.35042
3.41869 -0.34243
3.40648 -0.35296
3.45096 -0.39494
3.38635 -0.28107
3.42087 -0.35829
3.41593 -0.36476
3.39571 -0.30748
3.42653 -0.39163
3.37152 -0.27159
3.41676 -0.34791
3.40083 -0.32594
3.39633 -0.31340
3.40979 -0.35430
3.43379 -0.37703
3.42262 -0.36974
3.41422 -0.36615
3.41139 -0.31679
3.36549 -0.29506
3.42785 -0.34549
3.37137 -0.25253
3.39795 -0.31904
3.43881 -0.36826
3.43385 -0.37111
3.42191 -0.37925
3.40453 -0.34703
3.40023 -0.33056
3.39714 -0.30507
3.41963 -0.36744
3.38172 -0.28688
3.37397 -0.28985
3.42676 -0.40377
3.39309 -0.33021
3.41638 -0.33954
3.40807 -0.33142
3.42157 -0.35351
3.43442 -0.36478
3.39954 -0.34769
3.39523 -0.30558
3.41782 -0.36285
3.41686 -0.35069
3.42859 -0.37146
3.40592 -0.33820
3.39629 -0.31728
3.40149 -0.32808
3.39041 -0.33816
3.42792 -0.36106
3.41885 -0.32081
3.39528 -0.32568
3.39736 -0.31964
3.39059 -0.29921
3.43484 -0.37498
3.37487 -0.30631
3.39256 -0.30960
3.39392 -0.32853
3.39526 -0.32275
3.44255 -0.40390
3.37836 -0.27108
3.39782 -0.31613
3.41175 -0.34714
3.40646 -0.32782
3.42671 -0.37714
3.41039 -0.36926
3.40002 -0.31977
3.44153 -0.43178
3.45117 -0.39523
3.45211 -0.40096
3.38412 -0.31343
3.41431 -0.35591
3.40032 -0.31968
3.45322 -0.37595
3.39068 -0.32198
3.40622 -0.32974
3.39049 -0.30493
3.39852 -0.31671
3.38888 -0.32083
3.39357 -0.32201
3.43242 -0.37871
3.39384 -0.33552
3.38544 -0.29049
3.45540 -0.43577
3.40518 -0.31690
3.37399 -0.28617
3.42092 -0.33966
3.42457 -0.33584
3.41932 -0.36052
3.42014 -0.37481
3.40605 -0.32112
3.42870 -0.38834
3.41509 -0.34493
3.38414 -0.29000
3.42203 -0.38871
3.40828 -0.35482
3.41417 -0.34121
3.40518 -0.34320
3.39465 -0.31927
3.43053 -0.38495
3.39994 -0.34042
3.39729 -0.32160
3.36359 -0.27627
3.37962 -0.28927
3.40188 -0.32108
3.37678 -0.29202
3.45200 -0.42252
3.41376 -0.33999
3.41586 -0.36376
3.39060 -0.30368
3.37650 -0.27407
3.43707 -0.38696
3.42000 -0.33963
3.43386 -0.41941
3.42247 -0.34431
3.44097 -0.37158
3.35421 -0.24119
3.41360 -0.34434
3.42291 -0.37825
3.42001 -0.37388
3.41103 -0.35484
3.40357 -0.35504
3.42584 -0.35369
3.38768 -0.31810
3.40551 -0.33089
3.38481 -0.30905
3.38180 -0.29557
3.35376 -0.27004
3.42024 -0.38171
3.43672 -0.39080
3.44886 -0.40035
3.42835 -0.34167
3.41536 -0.35620
3.39605 -0.30473
3.41869 -0.34997
3.39077 -0.31299
3.39245 -0.31273
3.43383 -0.36407
3.42905 -0.37417
3.43061 -0.38039
3.37933 -0.30602
3.39505 -0.33294
3.43311 -0.39508
3.41071 -0.35067
3.42444 -0.38854
3.37686 -0.28568
3.42444 -0.37426
3.41001 -0.33034
3.40023 -0.33153
3.42079 -0.35625
3.39616 -0.34080
3.43324 -0.39112
3.38547 -0.30333
3.39395 -0.33592
3.37898 -0.28134
3.43148 -0.37359
3.38675 -0.32448
3.42629 -0.37897
3.38849 -0.31622
3.42315 -0.35994
3.41219 -0.34029
3.39457 -0.31605
3.38334 -0.30692
3.39494 -0.32950
3.38684 -0.30834
3.40675 -0.33129
3.41006 -0.33846
3.38927 -0.30459
3.37684 -0.29760
3.41431 -0.36913
3.45182 -0.39864
3.40646 -0.33949
3.43005 -0.38354
3.41364 -0.34370
3.41856 -0.38548
3.44154 -0.40130
3.36915 -0.26641
3.41099 -0.36859
3.40785 -0.35045
3.45004 -0.39555
3.38417 -0.29523
3.39801 -0.30999
3.41413 -0.36964
3.38093 -0.30037
3.39961 -0.32490
3.39659 -0.32401
3.42234 -0.36455
3.42674 -0.35342
3.40727 -0.33563
3.44829 -0.40285
3.37214 -0.27675
3.44881 -0.40587
3.41583 -0.35128
3.43184 -0.37154
3.41314 -0.34985
3.43863 -0.42712
3.38458 -0.31925
3.41286 -0.34004
3.47433 -0.43554
3.37063 -0.29622
3.42219 -0.39505
3.40212 -0.34792
3.44116 -0.38396
3.39014 -0.30582
3.47513 -0.43678
3.42387 -0.35175
3.42838 -0.36711
3.42915 -0.36526
3.39425 -0.34548
3.40909 -0.37745
3.41199 -0.35514
3.38882 -0.27968
3.38144 -0.28407
3.39561 -0.31004
3.42901 -0.35851
3.40197 -0.31789
3.43998 -0.41056
3.40030 -0.31667
3.39848 -0.31192
3.43025 -0.36747
3.44467 -0.41747
3.38911 -0.30279
3.40137 -0.31814
3.41321 -0.35857
3.41977 -0.36677
3.38581 -0.32077
3.40498 -0.33926
3.40192 -0.32838
3.38116 -0.30533
3.40942 -0.34712
3.42688 -0.36340
3.38050 -0.29149
3.36900 -0.27894
3.43231 -0.39130
3.40815 -0.33169
3.41747 -0.35894
3.40662 -0.34138
3.40262 -0.32135
3.41606 -0.37032
3.43093 -0.38129
3.40547 -0.34996
3.39570 -0.31725
3.40298 -0.36237
3.41774 -0.35812
3.40174 -0.34010
3.40903 -0.32763
3.39440 -0.32503
3.38869 -0.31412
3.41838 -0.35503
3.41860 -0.38086
3.44260 -0.40503
3.43151 -0.36848
3.42806 -0.36054
3.42794 -0.35094
3.43160 -0.38124
3.39379 -0.31809
3.38669 -0.34723
3.40995 -0.35861
3.40394 -0.36143
3.38862 -0.29751
3.43408 -0.37352
3.43945 -0.40265
3.42682 -0.34768
3.42512 -0.36547
3.40422 -0.32766
3.39662 -0.32123
3.42639 -0.37916
3.40813 -0.32961
3.39333 -0.32450
3.42799 -0.38551
3.44775 -0.41562
3.39948 -0.33044
3.43710 -0.38252
3.40599 -0.34705
3.42558 -0.37750
3.39042 -0.32460
3.42565 -0.34225
3.40463 -0.33346
3.40941 -0.36729
3.39098 -0.33535
3.40722 -0.32871
3.36956 -0.27290
3.44446 -0.41085
3.42070 -0.37799
3.40754 -0.34291
3.43068 -0.36550
3.40557 -0.32947
3.41224 -0.34040
3.39186 -0.31654
3.43442 -0.38702
3.37357 -0.28210
3.39977 -0.31183
3.47676 -0.45783
3.41510 -0.33947
3.42276 -0.36476
3.41783 -0.34087
3.39960 -0.33033
3.40230 -0.32420
3.42568 -0.37990
3.43466 -0.42080
3.44804 -0.38918
3.39902 -0.31051
3.43651 -0.37768
3.44061 -0.39057
3.41332 -0.38154
3.38737 -0.29169
3.39772 -0.34230
3.39630 -0.32840
3.33483 -0.19788
3.41097 -0.33593
3.40014 -0.33507
3.41428 -0.31225
3.38723 -0.30507
3.43289 -0.38792
3.42040 -0.35842
3.40988 -0.34919
3.45824 -0.44686
3.37573 -0.28447
3.42331 -0.39687
3.40408 -0.34348
3.41339 -0.34307
3.41967 -0.34351
3.40594 -0.34770
3.44270 -0.38940
3.41825 -0.34116
3.40558 -0.31474
3.41551 -0.37184
3.38619 -0.30616
3.40174 -0.34656
3.39246 -0.31752
3.40337 -0.34819
3.40537 -0.33599
3.39826 -0.34603
3.40747 -0.32362
3.41839 -0.36858
3.42769 -0.39014
3.40728 -0.32371
3.41762 -0.35057
3.38383 -0.32225
3.36069 -0.24506
3.39761 -0.32402
3.41307 -0.34800
3.43441 -0.38770
3.44016 -0.39071
3.46082 -0.43557
3.41557 -0.34520
3.40168 -0.33465
3.40209 -0.33776
3.41674 -0.32192
3.41902 -0.36922
3.45148 -0.40532
3.42353 -0.36841
3.40642 -0.34542
3.42225 -0.36553
3.41456 -0.33914
3.39410 -0.31868
3.39637 -0.32063
3.43626 -0.38712
3.42922 -0.37490
3.43637 -0.35915
3.42998 -0.37969
3.41262 -0.36150
3.38816 -0.31404
3.42432 -0.37248
3.40102 -0.33077
3.41042 -0.32784
3.40203 -0.34009
3.40742 -0.32426
3.42475 -0.35974
3.40989 -0.33166
3.43261 -0.38074
3.41931 -0.35459
3.36152 -0.26082
3.39760 -0.32558
3.41631 -0.37951
3.44326 -0.39733
3.40355 -0.31545
3.40907 -0.34720
3.41929 -0.35880
3.39656 -0.30417
3.40956 -0.33245
3.38649 -0.30024
3.38500 -0.30393
3.43063 -0.37477
3.37844 -0.28023
3.42489 -0.36576
3.40971 -0.34289
3.39223 -0.33609
3.40243 -0.32722
3.42612 -0.41216
3.38196 -0.28969
3.41134 -0.35452
3.44206 -0.39380
3.37847 -0.27122
3.42762 -0.34757
3.40440 -0.35219
3.38667 -0.29704
3.41453 -0.34052
3.42874 -0.37694
3.41721 -0.33964
3.39143 -0.30568
3.45043 -0.40931
3.40253 -0.32732
3.39127 -0.28062
3.37907 -0.29629
3.43344 -0.37809
3.42578 -0.36170
3.41656 -0.38256
3.41485 -0.36034
3.42730 -0.37161
3.41924 -0.35287
3.38586 -0.30438
3.41957 -0.38192
3.40862 -0.33232
3.41312 -0.33147
3.42190 -0.37550
3.39472 -0.31815
3.39614 -0.32364
3.41783 -0.37214
3.40680 -0.35571
3.40981 -0.35541
3.41658 -0.34621
3.40925 -0.35883
3.40035 -0.34051
3.40252 -0.34431
3.41955 -0.37285
3.42630 -0.36339
3.40311 -0.34447
3.45076 -0.41316
3.41145 -0.34640
3.43741 -0.38686
3.41876 -0.34977
3.43862 -0.40751
3.43747 -0.38900
3.40371 -0.33785
3.40122 -0.32933
3.39030 -0.30418
3.38608 -0.30853
3.43569 -0.40288
3.41783 -0.35338
3.41735 -0.36589
3.40467 -0.31009
3.39426 -0.32790
3.43498 -0.37366
3.41024 -0.34329
3.40526 -0.29690
3.39751 -0.32081
3.43234 -0.39123
3.41787 -0.36218
3.40488 -0.33107
3.48037 -0.44294
3.40180 -0.32938
3.39149 -0.30590
3.44594 -0.40266
3.40347 -0.34194
3.37713 -0.30420
3.41066 -0.35356
3.40281 -0.32583
3.41140 -0.34842
3.38790 -0.31670
3.40789 -0.34243
3.44469 -0.40210
3.42101 -0.33965
3.41925 -0.35443
3.40908 -0.33309
3.41675 -0.36726
3.42649 -0.37821
3.46009 -0.40661
3.41068 -0.35918
3.42513 -0.34787
3.43836 -0.40307
3.44156 -0.40111
3.39979 -0.34213
3.40495 -0.33514
3.44680 -0.38968
3.40514 -0.35565
3.44534 -0.41319
3.38380 -0.33029
3.43575 -0.36917
3.43473 -0.36356
3.40245 -0.32716
3.43397 -0.38475
3.40624 -0.33002
3.41133 -0.36033
3.37019 -0.26795
3.46564 -0.41449
3.37192 -0.29489
3.37820 -0.30260
3.39421 -0.29656
3.41359 -0.33332
3.42431 -0.37421
3.41315 -0.33530
3.42296 -0.37199
3.40699 -0.34485
3.40396 -0.33836
3.39160 -0.28654
3.41800 -0.36683
3.39747 -0.30254
3.42144 -0.37440
3.39474 -0.32934
3.42578 -0.35790
3.39027 -0.32543
3.42943 -0.35979
3.42106 -0.37637
3.41667 -0.35513
3.41297 -0.35169
3.39457 -0.32671
3.39441 -0.31308
3.41913 -0.34652
3.43014 -0.37203
3.39284 -0.31630
3.41038 -0.33907
3.42241 -0.37075
3.44039 -0.41190
3.39314 -0.32452
3.40875 -0.32860
3.37496 -0.27833
3.40720 -0.31766
3.39753 -0.32567
3.41973 -0.36778
3.40238 -0.33768
3.44226 -0.39017
3.41609 -0.35861
3.38620 -0.27819
3.40785 -0.34601
3.41713 -0.38339
3.42396 -0.40618
3.42499 -0.36721
3.41967 -0.33922
3.38500 -0.30613
3.40818 -0.33959
3.41443 -0.33390
3.40894 -0.35098
3.43789 -0.40046
3.43581 -0.37588
3.40224 -0.34241
3.39318 -0.33792
3.42471 -0.36207
3.42419 -0.36879
3.40977 -0.35803
3.39372 -0.30683
3.41541 -0.36657
3.39338 -0.31506
3.40323 -0.36772
3.40306 -0.33014
3.41634 -0.37218
3.43836 -0.40125
3.41926 -0.36317
3.39701 -0.31117
3.42722 -0.33494
3.40780 -0.34190
3.36337 -0.28069
3.40947 -0.32575
3.38030 -0.31012
3.43688 -0.38511
3.39534 -0.32830
3.44007 -0.38527
3.40901 -0.34968
3.36093 -0.25821
3.43838 -0.38477
3.38288 -0.30776
3.42325 -0.36527
3.42861 -0.36903
3.39578 -0.32203
3.42245 -0.33951
3.43784 -0.41458
3.43100 -0.36881
3.38176 -0.29628
3.40294 -0.32373
3.39673 -0.33403
3.45354 -0.40030
3.42614 -0.37672
3.39086 -0.30489
3.41784 -0.35545
3.37691 -0.28927
3.39391 -0.33197
3.41480 -0.35567
3.40810 -0.33587
3.39676 -0.33298
3.39816 -0.33164
3.36209 -0.28027
3.43164 -0.37705
3.42016 -0.37862
3.42446 -0.37993
3.43318 -0.41446
3.47313 -0.45022
3.43629 -0.38917
3.41625 -0.35971
3.41109 -0.33236
3.41076 -0.33416
3.41157 -0.34009
3.38518 -0.29877
3.42381 -0.36663
3.45760 -0.43632
3.42443 -0.35446
3.41687 -0.35393
3.39074 -0.30044
3.40688 -0.36818
3.40135 -0.33648
3.42379 -0.35597
3.39862 -0.35216
3.41472 -0.35662
3.40494 -0.34711
3.40450 -0.33218
3.41015 -0.32844
3.38065 -0.28188
3.44342 -0.42905
3.39811 -0.36439
3.42448 -0.35397
3.41847 -0.33108
3.39438 -0.32909
3.40259 -0.34075
3.41991 -0.37805
3.39122 -0.28708
3.41098 -0.35658
3.39307 -0.31255
3.39791 -0.30752
3.38487 -0.29204
3.41019 -0.34458
3.40873 -0.32564
3.43180 -0.38301
3.39742 -0.30350
3.39209 -0.31337
3.39534 -0.32435
3.40902 -0.34485
3.41189 -0.33562
3.42070 -0.35422
3.42257 -0.38058
3.40537 -0.32745
3.40191 -0.31653
3.41440 -0.35044
3.38861 -0.30697
3.39322 -0.31675
3.39772 -0.33248
3.37550 -0.28202
3.41262 -0.34070
3.38862 -0.32175
3.41359 -0.35224
3.38433 -0.31084
3.42181 -0.37308
3.45565 -0.40451
3.38696 -0.29917
3.40555 -0.32810
3.38620 -0.32222
3.43713 -0.38821
3.42137 -0.37522
3.41326 -0.35556
3.44521 -0.42007
3.45590 -0.41073
3.38885 -0.30044
3.37925 -0.29660
3.46302 -0.42172
3.41962 -0.35261
3.39560 -0.32790
3.40756 -0.33888
3.42491 -0.36643
3.40701 -0.35542
3.39049 -0.31799
3.40574 -0.34106
3.42260 -0.39668
3.42631 -0.38434
3.44670 -0.43387
3.42466 -0.35451
3.38289 -0.32060
3.43225 -0.37324
3.43554 -0.39341
3.41637 -0.34297
3.37940 -0.31644
3.39955 -0.30643
3.40350 -0.35642
3.43133 -0.41299
3.41968 -0.37834
3.41866 -0.35129
3.38942 -0.31133
3.40148 -0.32871
3.46433 -0.44931
3.40649 -0.31838
3.39458 -0.33103
3.41374 -0.34954
3.39188 -0.30548
3.42260 -0.39668
3.38171 -0.30817
3.41701 -0.35661
3.43191 -0.39125
3.40965 -0.33985
3.43339 -0.37637
3.44392 -0.41062
3.40574 -0.35266
3.44323 -0.41882
3.39120 -0.33238
3.40512 -0.33573
3.44535 -0.43083
3.43482 -0.38087
3.39142 -0.32808
3.42738 -0.39148
3.42634 -0.37373
3.41046 -0.34442
3.39346 -0.32643
3.40916 -0.35265
3.40983 -0.34995
3.38404 -0.28483
3.38710 -0.30734
3.38578 -0.29632
3.40544 -0.33424
3.38912 -0.31138
3.45623 -0.41681
3.42165 -0.36237
3.43355 -0.39902
3.39615 -0.29935
3.43373 -0.36734
3.43093 -0.36780
3.39044 -0.32181
3.42180 -0.35033
3.40334 -0.33187
3.41109 -0.35267
3.37833 -0.30824
3.41368 -0.31184
3.43028 -0.38384
3.38487 -0.31298
3.40145 -0.33488
3.41070 -0.34832
3.39543 -0.34104
3.37824 -0.30107
3.40790 -0.32882
3.40501 -0.34455
3.39585 -0.33499
3.38098 -0.29948
3.43619 -0.35668
3.39390 -0.32458
3.39944 -0.33129
3.38156 -0.29382
3.41433 -0.33551
3.43658 -0.39026
3.40691 -0.31374
3.44904 -0.41615
3.40527 -0.35081
3.40006 -0.32734
3.40889 -0.30508
3.40434 -0.32221
3.43653 -0.42423
3.41662 -0.34677
3.41089 -0.33994
3.39917 -0.30544
3.43116 -0.38401
3.40458 -0.33573
3.40110 -0.33778
3.41817 -0.35615
3.43949 -0.42159
3.37974 -0.28519
3.39495 -0.30396
3.37477 -0.30051
3.43223 -0.36036
3.39374 -0.31368
3.39773 -0.31323
3.44002 -0.38359
3.42320 -0.35032
3.39134 -0.32408
3.39395 -0.30995
3.40773 -0.32733
3.40702 -0.34588
3.40343 -0.33690
3.42511 -0.36417
3.42006 -0.35229
3.38809 -0.31178
3.42488 -0.36384
3.42260 -0.39668
3.43032 -0.36252
3.40747 -0.34265
3.39576 -0.32004
3.39571 -0.29957
3.39919 -0.32821
3.41316 -0.32747
3.37516 -0.26680
3.42760 -0.37019
3.39483 -0.32803
3.42159 -0.36936
3.43505 -0.38802
3.41296 -0.34656
3.44116 -0.38808
3.40008 -0.34315
3.41413 -0.35769
3.40260 -0.32225
3.40100 -0.31914
3.37970 -0.29328
3.43738 -0.40295
3.43480 -0.37421
3.42200 -0.37226
3.41381 -0.34248
3.44425 -0.38948
3.42074 -0.37321
3.45325 -0.39962
3.40382 -0.32715
3.40022 -0.29844
3.39108 -0.32404
3.39121 -0.30000
3.47386 -0.42911
3.43994 -0.38201
3.44382 -0.38667
3.41920 -0.34503
3.43402 -0.38124
3.42117 -0.35766
3.36561 -0.26965
3.41980 -0.33688
3.40963 -0.36118
3.42197 -0.38205
3.41234 -0.34378
3.43914 -0.40067
3.39577 -0.31737
3.42604 -0.37403
3.43678 -0.42199
3.43090 -0.40825
3.41370 -0.34340
3.37120 -0.26911
3.40796 -0.34282
3.39966 -0.33781
3.36840 -0.27411
3.38675 -0.31768
3.41090 -0.34003
3.40311 -0.34195
3.40059 -0.31626
3.37068 -0.26676
3.42446 -0.38162
3.39030 -0.30823
3.41600 -0.35935
3.41043 -0.35053
3.41414 -0.36042
3.41495 -0.36378
3.41639 -0.34816
3.41664 -0.34760
3.40373 -0.34127
3.42121 -0.32249
3.42316 -0.35335
3.43772 -0.39466
3.41803 -0.34298
3.38093 -0.30027
3.42827 -0.38743
3.37219 -0.29293
3.43782 -0.36733
3.43212 -0.36505
3.42979 -0.36239
3.39574 -0.31013
3.41165 -0.32894
3.45501 -0.44522
3.35594 -0.26056
3.42103 -0.35398
3.42260 -0.39668
3.43262 -0.38807
3.40059 -0.33440
3.40304 -0.32564
3.37689 -0.29725
3.40451 -0.34754
3.39603 -0.33130
3.41780 -0.36972
3.42723 -0.35988
3.40832 -0.33825
3.42273 -0.36467
3.37834 -0.30626
3.39864 -0.34119
3.39231 -0.32240
3.42035 -0.36412
3.39903 -0.31726
3.40653 -0.33830
3.38977 -0.32565
3.41752 -0.36175
3.40920 -0.34296
3.38222 -0.28140
3.43702 -0.38539
3.42309 -0.38015
3.37888 -0.29998
3.41569 -0.35430
3.39484 -0.32173
3.39637 -0.32314
3.41559 -0.35149
3.38340 -0.29147
3.42332 -0.37742
3.42216 -0.35602
3.41077 -0.33598
3.42222 -0.38082
3.37874 -0.28014
3.45665 -0.41360
3.41524 -0.36086
3.39036 -0.31240
3.44128 -0.40333
3.41110 -0.33512
3.42575 -0.37898
3.37444 -0.29011
3.47106 -0.44467
3.42416 -0.35438
3.44282 -0.38433
3.40250 -0.32957
3.41061 -0.33278
3.39656 -0.33712
3.43628 -0.38651
3.42704 -0.39226
3.36860 -0.27476
3.39590 -0.31587
3.44531 -0.37996
3.41556 -0.35014
3.45443 -0.39590
3.40606 -0.34264
3.39004 -0.31229
3.38611 -0.29876
3.40361 -0.33170
3.38925 -0.30656
3.42584 -0.37783
3.41186 -0.35561
3.43077 -0.38434
3.36171 -0.26573
3.35824 -0.26941
3.44774 -0.38685
3.43828 -0.37870
3.43620 -0.38897
3.42260 -0.39668
3.42973 -0.37903
3.39565 -0.32837
3.39212 -0.33309
3.41582 -0.36435
3.43835 -0.38548
3.38907 -0.29329
3.42343 -0.37040
3.42021 -0.36303
3.40416 -0.34080
3.45186 -0.37992
3.40126 -0.32352
3.42803 -0.37284
3.41276 -0.37491
3.43317 -0.39878
3.42333 -0.34362
3.41256 -0.33661
3.43225 -0.38191
3.37094 -0.26433
3.40358 -0.36589
3.42051 -0.36471
3.44236 -0.39151
3.40251 -0.34391
3.40862 -0.35629
3.42667 -0.36618
3.41210 -0.35218
3.42391 -0.36890
3.39471 -0.30874
3.43419 -0.39846
3.39622 -0.32499
3.41680 -0.36192
3.38198 -0.29941
3.42861 -0.38886
3.35468 -0.27868
3.41272 -0.32935
3.41073 -0.36302
3.43485 -0.38493
3.43176 -0.37337
3.41739 -0.34049
3.40710 -0.35256
3.40526 -0.33470
3.47034 -0.47113
3.37510 -0.26374
3.41072 -0.35740
3.43260 -0.37181
3.43307 -0.39140
3.43086 -0.38681
3.39765 -0.29088
3.40523 -0.32072
3.42128 -0.36695
3.42126 -0.36392
3.42758 -0.38856
3.39815 -0.33003
3.41615 -0.39004
3.43006 -0.38420
3.40624 -0.36131
3.40574 -0.33974
3.37931 -0.29435
3.38021 -0.28613
3.42404 -0.36899
3.40625 -0.35252
3.36848 -0.26820
3.41176 -0.32086
3.38211 -0.28982
3.40433 -0.36164
3.44645 -0.40215
3.39569 -0.32170
3.42000 -0.35788
3.39000 -0.30733
3.40252 -0.34965
3.40015 -0.34819
3.41165 -0.35101
3.41170 -0.33808
3.38820 -0.31323
3.38357 -0.29706
3.39268 -0.30605
3.43400 -0.36901
3.40151 -0.32643
3.39435 -0.31757
3.39870 -0.33663
3.37878 -0.29419
3.39170 -0.33102
3.36030 -0.26345
3.47861 -0.42710
3.40253 -0.33589
3.39536 -0.32730
3.40013 -0.32499
3.40956 -0.34681
3.38817 -0.29582
3.39447 -0.31938
3.39002 -0.33398
3.44721 -0.38898
3.41235 -0.35855
3.43594 -0.39770
3.41228 -0.33217
3.38120 -0.28927
3.39304 -0.31431
3.41109 -0.32992
3.39884 -0.32647
3.42392 -0.37079
3.40143 -0.33032
3.36915 -0.30219
3.45240 -0.41514
3.40896 -0.36014
3.40301 -0.30617
3.38105 -0.27532
3.44235 -0.39583
3.38272 -0.33931
3.40964 -0.35036
3.38151 -0.31216
3.41451 -0.34302
3.38990 -0.32068
3.39462 -0.30823
3.40949 -0.34518
3.38185 -0.30498
3.40147 -0.34257
3.42921 -0.37048
3.37664 -0.27780
3.42053 -0.37062
3.39646 -0.32293
3.41456 -0.36610
3.37676 -0.30004
3.38239 -0.27791
3.40061 -0.30252
3.40929 -0.35807
3.39922 -0.31736
3.43102 -0.39721
3.40343 -0.34255
3.41159 -0.34239
3.39098 -0.30664
3.37122 -0.28673
3.39769 -0.32694
3.42356 -0.33223
3.39537 -0.32651
3.43774 -0.37946
3.39518 -0.31709
3.41000 -0.34467
3.41152 -0.32813
3.45796 -0.40562
3.43851 -0.39831
3.41770 -0.36671
3.40849 -0.33676
3.39512 -0.33764
3.41328 -0.36209
3.42341 -0.31399
3.41684 -0.34858
3.45167 -0.43405
3.39500 -0.32764
3.42876 -0.40134
3.41437 -0.33858
3.40907 -0.33793
3.45146 -0.42550
3.41734 -0.37279
3.40985 -0.34878
3.41084 -0.35980
3.40539 -0.33925
3.42513 -0.37711
3.41733 -0.36936
3.41570 -0.33327
3.45735 -0.44854
3.39578 -0.33389
3.42587 -0.34840
3.44349 -0.42056
3.39161 -0.30635
3.42209 -0.35219
3.41040 -0.35625
3.40111 -0.32977
3.40574 -0.30577
3.40797 -0.34571
3.40789 -0.33119
3.42786 -0.37957
3.43790 -0.37456
3.41086 -0.34003
3.42120 -0.35918
3.40553 -0.35122
3.37542 -0.25716
3.38561 -0.32547
3.42521 -0.37486
3.42142 -0.37255
3.43495 -0.36263
3.40027 -0.34508
3.44043 -0.39197
3.40509 -0.33197
3.40363 -0.33439
3.42119 -0.35420
3.44642 -0.38316
3.43733 -0.38614
3.40567 -0.33598
3.37771 -0.27996
3.40387 -0.32011
3.46934 -0.42205
3.41333 -0.35711
3.40457 -0.33921
3.41822 -0.35261
3.38932 -0.29637
3.39883 -0.33376
3.42931 -0.35881
3.37153 -0.28725
3.42138 -0.34928
3.43153 -0.35669
3.44614 -0.39404
3.40775 -0.33120
3.43999 -0.41712
3.41010 -0.33471
3.43282 -0.37940
3.36682 -0.28879
3.39476 -0.31998
3.42727 -0.39925
3.41319 -0.36662
3.40902 -0.35150
3.40851 -0.35373
3.39255 -0.30659
3.42359 -0.35980
3.44695 -0.42338
3.41310 -0.34943
3.41562 -0.35101
3.40907 -0.31743
3.41200 -0.34918
3.43148 -0.34919
3.41246 -0.34029
3.45037 -0.44540
3.38098 -0.29216
3.46344 -0.40623
3.39600 -0.32103
3.41809 -0.36893
3.37563 -0.29565
3.40632 -0.33985
3.42080 -0.38411
3.40151 -0.33274
3.40054 -0.30596
3.43160 -0.37433
3.39478 -0.32514
3.38038 -0.30244
3.40813 -0.35077
3.40779 -0.35362
3.35953 -0.29019
3.39158 -0.31447
3.42063 -0.38456
3.43455 -0.37986
3.37593 -0.30477
3.40037 -0.35753
3.40677 -0.33821
3.37664 -0.27629
3.41996 -0.36815
3.40868 -0.33624
3.37624 -0.28977
3.42044 -0.36017
3.39544 -0.31682
3.43547 -0.37494
3.43599 -0.37122
3.42669 -0.40034
3.43589 -0.37455
3.44047 -0.38423
3.39322 -0.29870
3.42999 -0.36095
3.43569 -0.39865
3.44538 -0.42438
3.45830 -0.42891
3.39857 -0.33313
3.42828 -0.36560
3.42670 -0.36444
3.39624 -0.33383
3.43593 -0.39115
3.41524 -0.35641
3.43521 -0.38430
3.43385 -0.38237
3.41040 -0.33912
3.39725 -0.30705
3.38492 -0.32139
3.43090 -0.40825
3.47061 -0.44340
3.37301 -0.30937
3.43626 -0.41388
3.43013 -0.40358
3.39703 -0.29210
3.40731 -0.32860
3.41304 -0.34188
3.40465 -0.32812
3.40495 -0.32414
3.41368 -0.35356
3.41706 -0.35064
3.46302 -0.43336
3.43081 -0.36553
3.38772 -0.28183
3.41652 -0.37357
3.39315 -0.31701
3.38958 -0.32404
3.44777 -0.36571
3.42086 -0.35311
3.37947 -0.29734
3.42162 -0.35995
3.42831 -0.39181
3.38676 -0.31253
3.38409 -0.31378
3.40115 -0.32406
3.40325 -0.34828
3.41974 -0.36934
3.38449 -0.31454
3.41684 -0.35191
3.39452 -0.31841
3.47015 -0.42527
3.42000 -0.33154
3.39546 -0.30798
3.40260 -0.34325
3.37655 -0.28614
3.41328 -0.33092
3.42173 -0.37741
3.37558 -0.29898
3.37584 -0.28240
3.40583 -0.33036
3.44398 -0.40461
3.38749 -0.31720
3.40463 -0.34134
3.40692 -0.34153
3.37010 -0.28019
3.41828 -0.37873
3.40645 -0.32796
3.36557 -0.29303
3.39888 -0.33254
3.39080 -0.32108
3.42147 -0.36101
3.42929 -0.37160
3.38777 -0.31010
3.36825 -0.28748
3.42262 -0.36836
3.41360 -0.35264
3.41273 -0.36477
3.39966 -0.29633
3.42804 -0.36276
3.41110 -0.34710
3.40832 -0.33970
3.44892 -0.38956
3.37338 -0.27889
3.42495 -0.37418
3.38893 -0.30190
3.37614 -0.29857
3.40353 -0.34622
3.42238 -0.35713
3.37324 -0.28387
3.41144 -0.34276
3.39506 -0.32488
3.42170 -0.36904
3.44581 -0.41887
3.41856 -0.35877
3.38372 -0.30716
3.39531 -0.32498
3.40850 -0.34684
3.42049 -0.38551
3.43346 -0.38264
3.39723 -0.33015
3.40495 -0.33087
3.43954 -0.35411
3.42347 -0.37560
3.44312 -0.40608
3.35051 -0.23452
3.43603 -0.38169
3.38829 -0.31545
3.37412 -0.28865
3.37106 -0.28458
3.42276 -0.38238
3.39566 -0.32841
3.40154 -0.34628
3.43677 -0.36371
3.40489 -0.32778
3.42022 -0.35986
3.42672 -0.37036
3.40878 -0.34263
3.40587 -0.31094
3.36681 -0.29440
3.40817 -0.34983
3.39986 -0.32379
3.40545 -0.34553
3.42986 -0.39282
3.44758 -0.39300
3.41211 -0.35885
3.45351 -0.41998
3.40668 -0.34383
3.36791 -0.26523
3.41012 -0.33182
3.43346 -0.37158
3.40798 -0.32784
3.42422 -0.36058
3.40676 -0.33787
3.43385 -0.37388
3.45070 -0.43131
3.42761 -0.38673
3.43117 -0.37430
3.42357 -0.37924
3.40230 -0.32638
3.38849 -0.30948
3.43090 -0.40825
3.36655 -0.25613
3.45350 -0.40952
3.40890 -0.32557
3.42666 -0.37653
3.42744 -0.36909
3.44530 -0.37822
3.41430 -0.35357
3.38199 -0.30973
3.39869 -0.30369
3.42372 -0.35613
3.40761 -0.34714
3.39757 -0.33746
3.42221 -0.37186
3.41715 -0.35909
3.43795 -0.39490
3.39371 -0.31314
3.40362 -0.34500
3.44645 -0.42542
3.40298 -0.30330
3.41607 -0.36556
3.40829 -0.33820
3.40115 -0.32841
3.39936 -0.31090
3.43351 -0.38074
3.40086 -0.34486
3.43027 -0.39104
3.43535 -0.36445
3.42243 -0.39701
3.40046 -0.33263
3.41795 -0.37910
3.41661 -0.31135
3.42781 -0.36837
3.41994 -0.35413
3.41934 -0.36882
3.42253 -0.36314
3.44520 -0.40730
3.42676 -0.40377
3.38843 -0.32600
3.43171 -0.37986
3.45229 -0.42725
3.42259 -0.37357
3.40515 -0.33685
3.42817 -0.39305
3.39018 -0.32616
3.42752 -0.36643
3.39070 -0.31488
3.43370 -0.37818
3.44353 -0.41370
3.39379 -0.30731
3.42020 -0.35914
3.43678 -0.42199
3.42349 -0.37534
3.38315 -0.29739
3.44073 -0.39573
3.39848 -0.32011
3.39749 -0.30025
3.38296 -0.30601
3.41229 -0.34094
3.40770 -0.32103
3.44018 -0.39467
3.40539 -0.34231
3.43478 -0.41869
3.40643 -0.33655
3.40178 -0.32505
3.41062 -0.34417
3.40310 -0.34691
3.39329 -0.30529
3.41540 -0.35502
3.39849 -0.32911
3.41953 -0.35979
3.40296 -0.31952
3.41251 -0.33367
3.42278 -0.36282
3.38861 -0.29866
3.40028 -0.34004
3.40927 -0.34350
3.39225 -0.30050
3.44587 -0.39556
3.39458 -0.33268
3.42230 -0.37077
3.39792 -0.33359
3.39023 -0.30145
3.38238 -0.29110
3.40103 -0.34373
3.40000 -0.32713
3.43040 -0.38747
3.37702 -0.28061
3.39004 -0.32327
3.42146 -0.35660
3.44501 -0.38936
3.41072 -0.32638
3.41010 -0.35093
3.39997 -0.32526
3.40848 -0.32342
3.44964 -0.39508
3.40611 -0.35458
3.39821 -0.33570
3.42427 -0.37718
3.40786 -0.34443
3.39087 -0.30989
3.40905 -0.32877
3.41314 -0.34587
3.41001 -0.35860
3.41307 -0.33445
3.38265 -0.32667
3.41823 -0.35637
3.41537 -0.34452
3.37781 -0.29793
3.44097 -0.38573
3.39381 -0.31920
3.42309 -0.38407
3.44201 -0.37872
3.40679 -0.33327
3.41367 -0.36078
3.41571 -0.34221
3.35518 -0.24882
3.38611 -0.31045
3.42167 -0.35319
3.41681 -0.36164
3.41069 -0.33673
3.41726 -0.35438
3.36379 -0.28479
3.43603 -0.37539
3.42050 -0.36515
3.39559 -0.31519
3.41755 -0.36706
3.44130 -0.40526
3.43405 -0.37866
3.38983 -0.31827
3.40996 -0.33632
3.40823 -0.33793
3.40638 -0.32402
3.41983 -0.35698
3.37614 -0.28207
3.41364 -0.35523
3.41787 -0.36216
3.39411 -0.30227
3.41812 -0.35550
3.39861 -0.32224
3.43242 -0.39944
3.39067 -0.31715
3.41227 -0.34878
3.41024 -0.34352
3.39256 -0.30026
3.40446 -0.32406
3.42804 -0.39049
3.41089 -0.34191
3.45109 -0.44382
3.38260 -0.28736
3.44180 -0.40362
3.40551 -0.34879
3.40162 -0.32851
3.37056 -0.29112
3.41381 -0.36813
3.39785 -0.32104
3.42282 -0.36499
3.38932 -0.29847
3.39323 -0.34952
3.41263 -0.35266
3.42705 -0.40466
3.42198 -0.34594
3.39134 -0.32724
3.41167 -0.34549
3.39127 -0.33008
3.41408 -0.34088
3.38742 -0.31854
3.42234 -0.35897
3.41077 -0.36341
3.42056 -0.37657
3.40448 -0.33812
3.40308 -0.32262
3.40514 -0.34816
3.39914 -0.33557
3.40998 -0.35165
3.38059 -0.30138
3.42188 -0.37622
3.39950 -0.33244
3.40343 -0.32309
3.41186 -0.33420
3.41010 -0.33049
3.38164 -0.31605
3.38128 -0.29063
3.42998 -0.42164
3.42250 -0.36032
3.44062 -0.40221
3.37689 -0.29376
3.39251 -0.31324
3.40212 -0.33264
3.40727 -0.34552
3.45567 -0.42572
3.39027 -0.33213
3.39401 -0.31732
3.41308 -0.35978
3.38830 -0.33568
3.43511 -0.38246
3.41291 -0.32553
3.44833 -0.39048
3.40840 -0.32555
3.43294 -0.38595
3.38106 -0.31110
3.44005 -0.38782
3.39523 -0.33276
3.39827 -0.32995
3.45044 -0.40594
3.37893 -0.30910
3.39979 -0.33545
3.40469 -0.32815
3.44406 -0.43423
3.37695 -0.27229
3.40677 -0.32051
3.45398 -0.41984
3.40762 -0.33346
3.40627 -0.34834
3.36925 -0.29029
3.40919 -0.35357
3.41180 -0.34175
3.42180 -0.36730
3.40687 -0.35013
3.41261 -0.37578
3.36939 -0.25791
3.39291 -0.31818
3.39173 -0.32824
3.41488 -0.32623
3.40814 -0.34542
3.38203 -0.29380
3.37116 -0.28949
3.42233 -0.36878
3.41633 -0.37416
3.40769 -0.32523
3.39355 -0.30215
3.44629 -0.40282
3.41674 -0.34799
3.36526 -0.27682
3.41853 -0.35767
3.43269 -0.38845
3.41429 -0.32709
3.42749 -0.38510
3.40484 -0.34490
3.41048 -0.35465
3.43010 -0.38725
3.43233 -0.38798
3.41690 -0.34919
3.39838 -0.32450
3.38232 -0.28370
3.41417 -0.34670
3.42191 -0.35440
3.38311 -0.28222
3.40954 -0.34726
3.39924 -0.32026
3.38986 -0.29981
3.43077 -0.38389
3.39657 -0.32994
3.43728 -0.38529
3.42671 -0.35686
3.42990 -0.38630
3.40708 -0.33013
3.39977 -0.30807
3.42142 -0.34266
3.39291 -0.30802
3.36097 -0.26636
3.41446 -0.35508
3.40593 -0.34093
3.41889 -0.37591
3.39406 -0.31803
3.41799 -0.35681
3.39609 -0.33484
3.38902 -0.30137
3.38351 -0.30726
3.42509 -0.36866
3.43589 -0.42107
3.40265 -0.33506
3.42044 -0.37912
3.41216 -0.37229
3.37284 -0.28249
3.42955 -0.36511
3.38690 -0.30229
3.41785 -0.35982
3.39126 -0.31807
3.40477 -0.35151
3.43439 -0.39094
3.40992 -0.33360
3.38736 -0.30908
3.37347 -0.30568
3.37657 -0.28400
3.38599 -0.29340
3.43008 -0.35296
3.38706 -0.29585
3.41219 -0.34974
3.39677 -0.32898
3.40223 -0.33362
3.41204 -0.33897
3.42129 -0.37515
3.41610 -0.35487
3.41638 -0.35259
3.42734 -0.37289
3.43259 -0.39438
3.40175 -0.32698
3.40206 -0.32934
3.39760 -0.33187
3.40925 -0.31779
3.40736 -0.34579
3.39152 -0.30074
3.42379 -0.34376
3.40402 -0.34673
3.42476 -0.37568
3.42260 -0.39668
3.39893 -0.32835
3.40463 -0.32936
3.39196 -0.30640
3.41749 -0.39186
3.42602 -0.34341
3.44338 -0.42936
3.43027 -0.39104
3.39581 -0.33995
3.37754 -0.28743
3.40637 -0.33464
3.41073 -0.35641
3.41503 -0.36672
3.39575 -0.32386
3.41481 -0.35844
3.41997 -0.33686
3.40218 -0.32878
3.39475 -0.33672
3.43846 -0.39061
3.40271 -0.33066
3.43105 -0.40489
3.43485 -0.37751
3.41590 -0.34860
3.40806 -0.32867
3.38786 -0.30213
3.41667 -0.32956
3.38531 -0.29972
3.43290 -0.39921
3.39718 -0.34823
3.41684 -0.33963
3.39535 -0.32327
3.38255 -0.29468
3.41013 -0.35226
3.38570 -0.33169
3.37891 -0.31338
3.38755 -0.32449
3.40173 -0.33172
3.39022 -0.29741
3.40879 -0.33277
3.41565 -0.34897
3.42343 -0.38418
3.38170 -0.31673
3.40322 -0.33952
3.41434 -0.34401
3.38375 -0.30040
3.41578 -0.34029
3.41586 -0.36253
3.41346 -0.34239
3.37368 -0.28736
3.39620 -0.32127
3.39765 -0.32077
3.35671 -0.27007
3.39988 -0.32824
3.40674 -0.32539
3.42402 -0.36716
3.45659 -0.42894
3.42758 -0.38471
3.42793 -0.37895
3.40822 -0.33746
3.39273 -0.30953
3.38790 -0.31682
3.42809 -0.38920
3.39835 -0.33167
3.40902 -0.33022
3.44478 -0.41942
3.43343 -0.37177
3.37616 -0.29275
3.39912 -0.32498
3.41301 -0.33776
3.44971 -0.42485
3.44275 -0.41639
3.40834 -0.35727
3.43384 -0.39720
3.39707 -0.32246
3.41819 -0.35595
3.41715 -0.35691
3.43049 -0.35355
3.42564 -0.35738
3.40348 -0.32360
3.41473 -0.34937
3.38782 -0.32128
3.39924 -0.34505
3.38642 -0.30725
3.42286 -0.35356
3.41691 -0.35217
3.40205 -0.34191
3.43475 -0.38426
3.42434 -0.37492
3.40068 -0.33594
3.45345 -0.42040
3.39338 -0.32538
3.38710 -0.32113
3.39169 -0.30671
3.45184 -0.40411
3.42656 -0.35919
3.42653 -0.38182
3.40317 -0.35217
3.36942 -0.28900
3.41118 -0.34807
3.41525 -0.34901
3.42208 -0.36051
3.39324 -0.31401
3.36689 -0.27052
3.39843 -0.32597
3.44085 -0.36992
3.44880 -0.38862
3.40229 -0.33094
3.40672 -0.33454
3.41126 -0.33659
3.39798 -0.33268
3.42800 -0.37059
3.39980 -0.32919
3.41124 -0.35617
3.41932 -0.35106
3.37960 -0.31327
3.39848 -0.31358
3.37773 -0.29903
3.42542 -0.36791
3.42413 -0.34048
3.42324 -0.38015
3.39805 -0.31812
3.42461 -0.37989
3.47072 -0.43788
3.38236 -0.32512
3.41653 -0.34239
3.39088 -0.30633
3.42486 -0.33888
3.41335 -0.36418
3.39641 -0.32762
3.41450 -0.34177
3.41664 -0.37359
3.44448 -0.41898
3.39881 -0.34250
3.41617 -0.35562
3.42019 -0.36883
3.39905 -0.34343
3.39303 -0.29837
3.37137 -0.29222
3.41767 -0.36534
3.41798 -0.37388
3.39219 -0.30220
3.38219 -0.29994
3.43871 -0.37988
3.39943 -0.32971
3.38206 -0.29416
3.41313 -0.34249
3.39125 -0.30514
3.44180 -0.40148
3.39467 -0.31215
3.39887 -0.31811
3.41950 -0.37868
3.40496 -0.32913
3.41801 -0.33268
3.44390 -0.44363
3.41511 -0.36156
3.39673 -0.32150
3.45612 -0.40959
3.40241 -0.32821
3.40900 -0.34065
3.39512 -0.32112
3.39223 -0.32859
3.40261 -0.35785
3.39328 -0.35188
3.43642 -0.40676
3.42456 -0.35411
3.40867 -0.31151
3.41997 -0.35122
3.39866 -0.34154
3.46390 -0.47894
3.42936 -0.38772
3.41215 -0.35492
3.40105 -0.33436
3.39290 -0.29906
3.40029 -0.33579
3.39309 -0.31712
3.38913 -0.30588
3.41318 -0.33541
3.37675 -0.29658
3.39829 -0.33579
3.43140 -0.39651
3.37665 -0.25032
3.39621 -0.32118
3.41455 -0.33791
3.40745 -0.32968
3.37368 -0.29027
3.39328 -0.32239
3.43035 -0.37595
3.44247 -0.40693
3.40653 -0.34336
3.40297 -0.31218
3.38219 -0.30240
3.45962 -0.43888
3.39537 -0.33839
3.40891 -0.34360
3.42366 -0.36164
3.40195 -0.34893
3.42585 -0.35293
3.40812 -0.33602
3.39471 -0.31719
3.40544 -0.35466
3.43003 -0.36587
3.44430 -0.38734
3.43463 -0.37358
3.41926 -0.36293
3.37171 -0.28717
3.37423 -0.28538
3.42044 -0.35351
3.42263 -0.36682
3.42723 -0.36547
3.38408 -0.28736
3.38459 -0.29638
3.43083 -0.38268
3.40104 -0.33141
3.39518 -0.31874
3.43822 -0.38336
3.43705 -0.37972
3.42324 -0.37771
3.43139 -0.37699
3.40372 -0.35186
3.40168 -0.36719
3.40273 -0.34735
3.42446 -0.35474
3.41334 -0.33912
3.41871 -0.35374
3.37230 -0.28116
3.37548 -0.29255
3.40321 -0.33058
3.39788 -0.31187
3.45009 -0.42736
3.42872 -0.37599
3.42009 -0.36585
3.39807 -0.30492
3.40842 -0.32081
3.38554 -0.32609
3.40652 -0.34396
3.43208 -0.39055
3.40885 -0.35013
3.44030 -0.38307
3.44557 -0.39585
3.38379 -0.30645
3.39488 -0.32156
3.40480 -0.32892
3.45236 -0.40350
3.38890 -0.31068
3.38080 -0.30799
3.41712 -0.36307
3.41298 -0.35850
3.43383 -0.38409
3.41806 -0.34921
3.42260 -0.39668
3.41875 -0.36966
3.43442 -0.37866
3.39105 -0.30780
3.41025 -0.32958
3.38496 -0.30409
3.40653 -0.35310
3.41647 -0.34277
3.41098 -0.35106
3.40238 -0.33524
3.38334 -0.30706
3.41790 -0.35317
3.41621 -0.34888
3.43683 -0.39014
3.41748 -0.36315
3.42432 -0.36438
3.43117 -0.37920
3.40804 -0.35644
3.40478 -0.32223
3.38937 -0.31975
3.35424 -0.21376
3.36515 -0.29339
3.41223 -0.34333
3.41241 -0.34179
3.41969 -0.37024
3.41529 -0.34085
3.39233 -0.30531
3.38526 -0.30845
3.40612 -0.32624
3.39712 -0.32420
3.42400 -0.36752
3.39733 -0.31838
3.42616 -0.37771
3.43386 -0.36585
3.38857 -0.32258
3.38670 -0.30187
3.41314 -0.38274
3.41252 -0.38599
3.41636 -0.37141
3.40876 -0.32882
3.38412 -0.30509
3.42281 -0.33745
3.38802 -0.29329
3.39507 -0.32068
3.45903 -0.43828
3.43906 -0.38487
3.41159 -0.33516
3.42075 -0.36298
3.39865 -0.32172
3.41957 -0.35886
3.43454 -0.38527
3.40356 -0.33664
3.46832 -0.41901
3.41639 -0.36388
3.38602 -0.31550
3.40889 -0.35086
3.40051 -0.29730
3.43492 -0.40524
3.44467 -0.42450
3.40018 -0.31701
3.41773 -0.36803
3.41832 -0.35595
3.40909 -0.35131
3.38217 -0.30495
3.42519 -0.36440
3.40833 -0.35131
3.42260 -0.39668
3.37483 -0.27488
3.41255 -0.34608
3.38867 -0.31620
3.37953 -0.29390
3.46153 -0.42842
3.40263 -0.32646
3.43149 -0.38723
3.44453 -0.38615
3.38368 -0.31273
3.41314 -0.33758
3.42733 -0.36071
3.40610 -0.32927
3.44217 -0.37721
3.42061 -0.34918
3.43137 -0.37236
3.42000 -0.35776
3.40325 -0.31959
3.42138 -0.34160
3.41671 -0.36910
3.41215 -0.35206
3.41568 -0.32892
3.38148 -0.26594
3.43144 -0.40369
3.38802 -0.30244
3.40182 -0.34570
3.38610 -0.30707
3.43980 -0.43977
3.41887 -0.36039
3.38994 -0.31856
3.42915 -0.39535
3.40726 -0.33913
3.41167 -0.32802
3.41152 -0.34821
3.37907 -0.26256
3.41005 -0.33936
3.41638 -0.35144
3.41304 -0.36934
3.41544 -0.35785
3.40240 -0.32937
3.40420 -0.32587
3.43853 -0.38032
3.42864 -0.36230
3.41393 -0.35926
3.41204 -0.35262
3.41224 -0.33270
3.41674 -0.34749
3.43218 -0.40091
3.45188 -0.41629
3.41422 -0.35323
3.38005 -0.27215
3.38358 -0.28491
3.44367 -0.41526
3.39823 -0.32266
3.46985 -0.43039
3.39992 -0.32348
3.40527 -0.30050
3.39421 -0.30853
3.41245 -0.37669
3.44254 -0.38723
3.42264 -0.37521
3.42536 -0.38925
3.43434 -0.37462
3.37978 -0.31041
3.40483 -0.32337
3.39967 -0.32114
3.43656 -0.37692
3.42755 -0.37745
3.39883 -0.32354
3.37634 -0.29812
3.39806 -0.32148
3.42710 -0.39790
3.39779 -0.31689
3.42587 -0.34964
3.39424 -0.32071
3.40857 -0.34555
3.43675 -0.41057
3.38238 -0.30646
3.42635 -0.37518
3.37490 -0.28369
3.42200 -0.35895
3.46612 -0.42547
3.42070 -0.37236
3.43832 -0.38605
3.42273 -0.36644
3.39562 -0.32201
3.44240 -0.41481
3.39307 -0.33369
3.39455 -0.31149
3.41795 -0.35459
3.40222 -0.33518
3.40270 -0.31147
3.42636 -0.37925
3.42369 -0.37055
3.42365 -0.37754
3.40979 -0.34627
3.44789 -0.41817
3.41396 -0.35486
3.41508 -0.36613
3.43133 -0.36896
3.43122 -0.35728
3.42199 -0.37884
3.40880 -0.34118
3.39619 -0.32316
3.43096 -0.37292
3.44596 -0.42200
3.40645 -0.36541
3.39339 -0.31256
3.41359 -0.36391
3.42662 -0.36098
3.38340 -0.29816
3.39183 -0.32879
3.42755 -0.35554
3.39290 -0.28225
3.37149 -0.27367
3.46004 -0.42135
3.36112 -0.26162
3.44379 -0.40020
3.41824 -0.36653
3.40939 -0.34939
3.41277 -0.34626
3.45370 -0.39189
3.44910 -0.41502
3.42666 -0.37261
3.41414 -0.36266
3.41081 -0.35663
3.41635 -0.36713
3.41568 -0.34393
3.42140 -0.35560
3.41805 -0.35412
3.43030 -0.37077
3.40820 -0.34005
3.42701 -0.37553
3.43018 -0.36851
3.41140 -0.33179
3.39160 -0.31752
3.40275 -0.33239
3.40820 -0.32715
3.40699 -0.34264
3.39910 -0.32088
3.40929 -0.35344
3.41911 -0.34897
3.42329 -0.35929
3.44023 -0.39769
3.40560 -0.33462
3.44652 -0.39472
3.40113 -0.32684
3.35277 -0.24411
3.44596 -0.42200
3.45479 -0.39325
3.42717 -0.37245
3.41926 -0.32780
3.41135 -0.34385
3.44552 -0.40167
3.39920 -0.32158
3.44369 -0.42457
3.38159 -0.28775
3.44563 -0.37617
3.38826 -0.32797
3.40560 -0.32849
3.42312 -0.37221
3.43004 -0.42904
3.41025 -0.35002
3.40897 -0.34623
3.40457 -0.33230
3.42559 -0.37747
3.34990 -0.24850
3.40195 -0.33361
3.38081 -0.29629
3.43369 -0.37719
3.45529 -0.41391
3.38421 -0.32229
3.41785 -0.35470
3.40762 -0.31572
3.44463 -0.39399
3.42435 -0.34561
3.40711 -0.34665
3.41439 -0.35711
3.39020 -0.30574
3.38647 -0.32327
3.39867 -0.32690
3.45179 -0.41713
3.38833 -0.32608
3.39145 -0.32259
3.39564 -0.30578
3.42063 -0.35555
3.39916 -0.31744
3.39857 -0.30514
3.41106 -0.36440
3.40161 -0.34266
3.42595 -0.36429
3.42931 -0.35058
3.39257 -0.29408
3.43078 -0.41333
3.42208 -0.38146
3.36056 -0.24940
3.40401 -0.32913
3.42482 -0.35130
3.38897 -0.30779
3.44304 -0.40662
3.41595 -0.36352
3.37773 -0.28729
3.41868 -0.32967
3.40302 -0.32478
3.37695 -0.28656
3.39854 -0.32039
3.41496 -0.35456
3.42026 -0.32939
3.41055 -0.33190
3.39356 -0.32892
3.42532 -0.37111
3.40051 -0.34510
3.42371 -0.35550
3.41467 -0.34701
3.44275 -0.38743
3.35967 -0.25949
3.42272 -0.38530
3.35932 -0.27032
3.39756 -0.33271
3.40511 -0.30634
3.41969 -0.37952
3.42521 -0.35196
3.43948 -0.42352
3.43535 -0.38393
3.43689 -0.40742
3.42463 -0.36135
3.37784 -0.27528
3.42760 -0.36995
3.42564 -0.37940
3.43364 -0.38465
3.41104 -0.34119
3.38424 -0.31428
3.40808 -0.34148
3.41929 -0.37240
3.39299 -0.30005
3.40778 -0.32428
3.37979 -0.28701
3.40944 -0.33866
3.38702 -0.29740
3.42767 -0.40458
3.40446 -0.34915
3.44014 -0.40259
3.36841 -0.25552
3.41240 -0.36156
3.44458 -0.41859
3.40527 -0.35588
3.40324 -0.32680
3.40686 -0.34253
3.45540 -0.41276
3.41127 -0.33103
3.41327 -0.37347
3.40823 -0.34229
3.41056 -0.33879
3.43604 -0.37959
3.40001 -0.33129
3.44372 -0.39596
3.39566 -0.32724
3.40178 -0.31400
3.43879 -0.41238
3.39681 -0.31697
3.39860 -0.32826
3.45174 -0.39983
3.52030 -0.50003
3.39999 -0.33789
3.43216 -0.37565
3.40795 -0.33805
3.37976 -0.29865
3.39436 -0.31212
3.44543 -0.39265
3.39030 -0.32596
3.37577 -0.29709
3.37630 -0.28431
3.40460 -0.34005
3.37903 -0.29829
3.41176 -0.36122
3.41371 -0.36720
3.39218 -0.33136
3.39513 -0.32184
3.42416 -0.35602
3.39564 -0.31564
3.40145 -0.31905
3.42103 -0.36765
3.40193 -0.31723
3.42092 -0.36813
3.42793 -0.37016
3.38999 -0.30907
3.41493 -0.36082
3.39584 -0.30221
3.43086 -0.38693
3.40532 -0.36153
3.44476 -0.39044
3.44988 -0.39464
3.37373 -0.28391
3.40636 -0.32964
3.39856 -0.31324
3.41877 -0.37687
3.36039 -0.26488
3.45595 -0.40515
3.40963 -0.34389
3.42011 -0.37641
3.40360 -0.31129
3.41782 -0.32845
3.44488 -0.42068
3.39605 -0.31386
3.38359 -0.30118
3.40776 -0.34052
3.45094 -0.40937
3.38342 -0.29584
3.40785 -0.34604
3.41218 -0.33177
3.43532 -0.38757
3.38724 -0.32723
3.40691 -0.33746
3.40641 -0.36441
3.39501 -0.32710
3.40797 -0.35266
3.39940 -0.32209
3.41168 -0.34617
3.36037 -0.26777
3.40167 -0.30005
3.39618 -0.30914
3.41180 -0.33951
3.35655 -0.26185
3.38539 -0.29303
3.40674 -0.32530
3.39937 -0.32098
3.39863 -0.32531
3.43040 -0.37244
3.41002 -0.34335
3.38552 -0.26930
3.39282 -0.30850
3.39959 -0.34052
3.41442 -0.34445
3.38859 -0.29503
3.43367 -0.41982
3.37099 -0.25102
3.38318 -0.28923
3.42260 -0.39668
3.43350 -0.40438
3.39689 -0.31123
3.39692 -0.32011
3.43377 -0.37831
3.40789 -0.34288
3.41794 -0.35066
3.37354 -0.28131
3.42858 -0.39968
3.38204 -0.29767
3.43872 -0.41764
3.41372 -0.34669
3.45280 -0.40591
3.42012 -0.36078
3.44106 -0.39581
3.40289 -0.32353
3.40859 -0.34713
3.39689 -0.30636
3.37840 -0.29479
3.42995 -0.37043
3.43214 -0.36994
3.39969 -0.34447
3.38449 -0.29335
3.41726 -0.33276
3.38551 -0.29496
3.38070 -0.30627
3.42912 -0.37119
3.40816 -0.34596
3.41275 -0.33542
3.45483 -0.44090
3.37740 -0.26811
3.39889 -0.32131
3.46673 -0.44427
3.45145 -0.41520
3.39496 -0.31987
3.39721 -0.33773
3.43511 -0.39656
3.41147 -0.32060
3.39457 -0.31248
3.41952 -0.37120
3.41893 -0.32232
3.38626 -0.33403
3.38288 -0.32769
3.42393 -0.36599
3.39597 -0.34978
3.38469 -0.31847
3.43664 -0.37375
3.36831 -0.28518
3.41713 -0.35284
3.38402 -0.30768
3.41586 -0.35037
3.40601 -0.33578
3.40054 -0.31903
3.42813 -0.37821
3.39964 -0.32282
3.40515 -0.33767
3.38828 -0.32564
3.40675 -0.35598
3.39128 -0.30309
3.41965 -0.36585
3.39992 -0.31373
3.39978 -0.33360
3.37377 -0.28022
3.40466 -0.32291
3.36962 -0.28394
3.43110 -0.41410
3.41525 -0.34552
3.45107 -0.43901
3.39979 -0.35448
3.41930 -0.32158
3.40792 -0.32859
3.37866 -0.30219
3.38108 -0.31400
3.38148 -0.29352
3.41781 -0.37597
3.40331 -0.34147
3.42177 -0.37509
3.41334 -0.31714
3.43783 -0.39236
3.40992 -0.34045
3.41769 -0.36563
3.41170 -0.35319
3.40335 -0.31338
3.41527 -0.35036
3.41475 -0.33808
3.41970 -0.35900
3.38919 -0.30752
3.43079 -0.39184
3.39352 -0.31302
3.41912 -0.31973
3.38347 -0.29683
3.40789 -0.34362
3.43211 -0.38691
3.44102 -0.40594
3.39549 -0.31655
3.40995 -0.34439
3.41023 -0.31780
3.39849 -0.33413
3.44026 -0.39217
3.44886 -0.41548
3.39125 -0.29893
3.41268 -0.36490
3.40991 -0.33247
3.41283 -0.34012
3.47795 -0.44328
3.42581 -0.37126
3.45744 -0.41352
3.43370 -0.37487
3.44757 -0.42031
3.41244 -0.35029
3.41167 -0.35345
3.41178 -0.32072
3.39655 -0.33008
3.40057 -0.30329
3.43284 -0.39251
3.41341 -0.36210
3.43597 -0.37957
3.42400 -0.37124
3.42548 -0.36924
3.41911 -0.36401
3.40716 -0.34050
3.40227 -0.33383
3.38238 -0.30178
3.41025 -0.33706
3.42554 -0.37999
3.39679 -0.33720
3.45001 -0.40691
3.38493 -0.30062
3.39309 -0.33230
3.43267 -0.38130
3.39220 -0.30083
3.41720 -0.38315
3.42562 -0.36868
3.39237 -0.31988
3.39735 -0.32614
3.37649 -0.28499
3.39947 -0.34909
3.40464 -0.32147
3.37551 -0.31181
3.39688 -0.32737
3.41857 -0.34359
3.41718 -0.35561
3.42086 -0.36770
3.43210 -0.35595
3.37887 -0.28883
3.39383 -0.32432
3.36949 -0.29692
3.39730 -0.32658
3.38748 -0.30771
3.39225 -0.31610
3.43154 -0.35978
3.42130 -0.36968
3.39539 -0.32512
3.41405 -0.35100
3.42241 -0.37392
3.42016 -0.35489
3.42065 -0.37989
3.41853 -0.36121
3.39743 -0.31580
3.41325 -0.34560
3.39244 -0.32005
3.40644 -0.33474
3.42146 -0.34809
3.43366 -0.36141
3.39161 -0.31419
3.41550 -0.36599
3.41481 -0.35957
3.39596 -0.31438
3.39138 -0.31085
3.41452 -0.35497
3.42918 -0.36607
3.40863 -0.32465
3.41019 -0.34010
3.43778 -0.37534
3.41989 -0.36011
3.37311 -0.27989
3.40676 -0.33578
3.38271 -0.30991
3.38659 -0.33515
3.43734 -0.38261
3.39374 -0.33331
3.39851 -0.33529
3.39924 -0.31251
3.41818 -0.38907
3.40453 -0.35038
3.40524 -0.35321
3.44286 -0.39562
3.42486 -0.38796
3.45469 -0.40976
3.39129 -0.29689
3.38766 -0.31022
3.42971 -0.38131
3.39004 -0.29745
3.41795 -0.35217
3.42233 -0.33630
3.42135 -0.37566
3.39858 -0.30946
3.41560 -0.35247
3.39803 -0.31362
3.41559 -0.34617
3.40485 -0.33612
3.42293 -0.37153
3.43457 -0.39327
3.39675 -0.32913
3.39753 -0.32839
3.42261 -0.32686
3.40107 -0.28373
3.42985 -0.39106
3.41637 -0.37231
3.41147 -0.34681
3.44173 -0.41386
3.41806 -0.36009
3.42955 -0.40065
3.41692 -0.37113
3.38357 -0.29535
3.39497 -0.29937
3.38996 -0.31154
3.38921 -0.33567
3.40851 -0.33605
3.42808 -0.40148
3.41667 -0.34341
3.41203 -0.34715
3.41274 -0.34749
3.39566 -0.32576
3.39634 -0.33529
3.41286 -0.32554
3.38390 -0.29321
3.42184 -0.36333
3.43033 -0.39959
3.41155 -0.33413
3.39023 -0.31159
3.39835 -0.32209
3.44858 -0.42783
3.40728 -0.33874
3.40566 -0.32357
3.38896 -0.31708
3.40555 -0.34327
3.41800 -0.36653
3.41305 -0.35934
3.47805 -0.44942
3.39798 -0.35205
3.39065 -0.29992
3.39138 -0.29996
3.41181 -0.32184
3.40009 -0.33270
3.42866 -0.35161
3.44491 -0.40540
3.41246 -0.34634
3.43997 -0.37448
3.39250 -0.32253
3.44921 -0.41667
3.42819 -0.39448
3.40279 -0.33388
3.38284 -0.29558
3.39138 -0.29813
3.42521 -0.36761
3.40787 -0.33888
3.44563 -0.40573
3.40076 -0.32822
3.36593 -0.27195
3.42173 -0.35493
3.44004 -0.36167
3.41399 -0.36814
3.36529 -0.28881
3.42341 -0.37143
3.39574 -0.31459
3.38191 -0.30476
3.44252 -0.39134
3.40281 -0.32684
3.43237 -0.35391
3.43673 -0.40218
3.43450 -0.40636
3.43775 -0.40684
3.42053 -0.37397
3.43570 -0.34576
3.40072 -0.32848
3.42663 -0.37993
3.43096 -0.36651
3.42216 -0.38699
3.40430 -0.34199
3.40919 -0.33753
3.42487 -0.39837
3.42918 -0.36973
3.42084 -0.37597
3.40768 -0.32077
3.43420 -0.34934
3.40860 -0.35408
3.41447 -0.35429
3.40954 -0.32912
3.44267 -0.41333
3.44050 -0.36446
3.41683 -0.34383
3.40663 -0.31250
3.39510 -0.33144
3.38393 -0.31199
3.42156 -0.36929
3.39657 -0.30921
3.39886 -0.31202
3.40646 -0.31623
3.40533 -0.37372
3.45366 -0.42647
3.36561 -0.26965
3.42352 -0.41508
3.39862 -0.33120
3.39172 -0.30942
3.38039 -0.29247
3.40556 -0.33780
3.42699 -0.32139
3.45637 -0.43888
3.41470 -0.35520
3.40844 -0.32252
3.39180 -0.29841
3.37340 -0.29538
3.40450 -0.36213
3.37365 -0.25484
3.38789 -0.33550
3.35970 -0.25766
3.43344 -0.36287
3.41917 -0.36988
3.41090 -0.38146
3.44185 -0.38252
3.37233 -0.27414
3.41376 -0.34259
3.40489 -0.35586
3.39837 -0.31769
3.42151 -0.35696
3.40827 -0.33801
3.44299 -0.37118
3.38775 -0.30700
3.39741 -0.32844
3.43455 -0.39015
3.41172 -0.34215
3.41129 -0.36620
3.39505 -0.32304
3.38860 -0.31018
3.40265 -0.34008
3.39151 -0.31016
3.39834 -0.33817
3.43222 -0.38803
3.38481 -0.31082
3.41145 -0.32517
3.40939 -0.33051
3.41048 -0.32327
3.42407 -0.36407
3.40488 -0.33387
3.41448 -0.35922
3.39814 -0.32372
3.40829 -0.34769
3.41660 -0.36303
3.37616 -0.29400
3.38857 -0.28379
3.41835 -0.33532
3.39981 -0.33131
3.42563 -0.37607
3.41164 -0.36698
3.36089 -0.28823
3.40180 -0.32360
3.42527 -0.35563
3.42859 -0.36905
3.40924 -0.35247
3.44745 -0.40674
3.40822 -0.34897
3.40673 -0.29544
3.42108 -0.36387
3.38838 -0.30637
3.38025 -0.28611
3.40023 -0.32652
3.40158 -0.33481
3.41919 -0.34515
3.40980 -0.34253
3.43868 -0.39333
3.41886 -0.35211
3.36325 -0.25573
3.39923 -0.32451
3.40471 -0.32951
3.37911 -0.26136
3.43082 -0.40102
3.42435 -0.35641
3.44120 -0.38181
3.41101 -0.32941
3.38809 -0.29598
3.41343 -0.34957
3.41261 -0.34960
3.40503 -0.34965
3.43290 -0.38133
3.39108 -0.31888
3.42247 -0.34591
3.37743 -0.27701
3.41950 -0.37494
3.43713 -0.37122
3.42323 -0.36341
3.38843 -0.29883
3.40271 -0.35307
3.38597 -0.29440
3.42794 -0.37047
3.42366 -0.36392
3.36887 -0.27429
3.41158 -0.33560
3.39880 -0.30776
3.38423 -0.29879
3.38304 -0.30943
3.45214 -0.42255
3.40192 -0.32681
3.40696 -0.34233
3.41454 -0.34829
3.44173 -0.41744
3.45794 -0.40500
3.38895 -0.30719
3.39521 -0.32406
3.40218 -0.29190
3.39653 -0.34679
3.38591 -0.29567
3.41239 -0.36214
3.42486 -0.39400
3.38108 -0.27713
3.39025 -0.31644
3.41525 -0.35683
3.42180 -0.37658
3.43117 -0.37969
3.37067 -0.27251
3.38622 -0.33454
3.41771 -0.35844
3.42255 -0.37426
3.48588 -0.45522
3.37969 -0.29692
3.42041 -0.35633
3.41091 -0.36205
3.44227 -0.40626
3.41322 -0.33780
3.41457 -0.35479
3.39114 -0.33377
3.41060 -0.33902
3.39088 -0.30147
3.40974 -0.33526
3.46171 -0.38776
3.40717 -0.33591
3.41655 -0.34668
3.40366 -0.33383
3.39513 -0.31547
3.44627 -0.39193
3.40234 -0.34735
3.40287 -0.32309
3.37317 -0.28414
3.41654 -0.36668
3.41444 -0.36535
3.42529 -0.38196
3.41492 -0.35610
3.42699 -0.37776
3.39626 -0.32689
3.40490 -0.33913
3.39502 -0.33066
3.43019 -0.40053
3.40877 -0.34351
3.42585 -0.37974
3.40213 -0.32915
3.45954 -0.43045
3.38198 -0.31640
3.41450 -0.34645
3.41137 -0.34054
3.43475 -0.41201
3.43257 -0.40163
3.38022 -0.30074
3.38726 -0.33508
3.41946 -0.36575
3.41706 -0.35763
3.38831 -0.31196
3.41721 -0.35170
3.40526 -0.34139
3.43703 -0.38720
3.42401 -0.35382
3.39043 -0.30395
3.42817 -0.39965
3.40394 -0.30684
3.40817 -0.34363
3.45979 -0.39070
3.42431 -0.38464
3.40688 -0.32488
3.38530 -0.29914
3.40364 -0.33387
3.39090 -0.29805
3.42652 -0.37446
3.40995 -0.33603
3.40479 -0.34715
3.41165 -0.35030
3.41691 -0.36202
3.39636 -0.32262
3.42220 -0.35704
3.40876 -0.35513
3.38429 -0.30451
3.38859 -0.31797
3.36260 -0.28263
3.40627 -0.33792
3.39120 -0.33114
3.40779 -0.33980
3.41236 -0.35122
3.41355 -0.34096
3.40565 -0.33389
3.40493 -0.33463
3.39016 -0.30196
3.43745 -0.40982
3.42009 -0.35826
3.40945 -0.38401
3.43168 -0.38869
3.41298 -0.34056
3.43028 -0.38863
3.37986 -0.29722
3.38854 -0.31057
3.45320 -0.40580
3.41901 -0.35127
3.39116 -0.32401
3.38268 -0.29763
3.40618 -0.35096
3.42457 -0.37704
3.42058 -0.35368
3.42783 -0.35751
3.41958 -0.33685
3.43929 -0.39897
3.39589 -0.32021
3.42078 -0.36012
3.42155 -0.35665
3.38648 -0.27595
3.41630 -0.37062
3.43117 -0.39950
3.41196 -0.34015
3.39764 -0.33418
3.42122 -0.37762
3.37782 -0.28736
3.41357 -0.36566
3.40363 -0.31416
3.39506 -0.31606
3.39115 -0.32523
3.41452 -0.36371
3.35052 -0.24695
3.43830 -0.40246
3.39460 -0.31906
3.43565 -0.38985
3.39138 -0.30451
3.36118 -0.26182
3.41348 -0.34342
3.40993 -0.37712
3.39782 -0.30843
3.44135 -0.39528
3.38329 -0.28586
3.46209 -0.43022
3.41140 -0.35122
3.43804 -0.39272
3.42729 -0.37351
3.40246 -0.31545
3.43948 -0.42352
3.44503 -0.39655
3.43407 -0.38691
3.38185 -0.28903
3.42766 -0.33950
3.46576 -0.41898
3.44643 -0.41555
3.42037 -0.35725
3.40258 -0.32605
3.40784 -0.34078
3.38997 -0.31517
3.41661 -0.33609
3.41915 -0.36302
3.40379 -0.34759
3.40895 -0.33484
3.39057 -0.31464
3.37302 -0.30342
3.41049 -0.32977
3.41049 -0.32940
3.39917 -0.31158
3.41410 -0.35217
3.40076 -0.29921
3.39408 -0.31411
3.42105 -0.35093
3.38915 -0.31059
3.38782 -0.31147
3.38573 -0.31619
3.39897 -0.32625
3.45369 -0.41391
3.42289 -0.35637
3.43119 -0.37805
3.41131 -0.34676
3.41168 -0.33766
3.42183 -0.36117
3.42055 -0.33443
3.43053 -0.37890
3.40556 -0.34537
3.40566 -0.33357
3.40183 -0.33740
3.36085 -0.26294
3.42673 -0.38403
3.39410 -0.31611
3.43040 -0.39017
3.48032 -0.43359
3.40880 -0.34285
3.38534 -0.27369
3.40923 -0.35174
3.41241 -0.36309
3.43264 -0.40809
3.40994 -0.35387
3.40807 -0.32431
3.43837 -0.39595
3.40914 -0.32909
3.39041 -0.31957
3.39622 -0.32574
3.42255 -0.37649
3.45578 -0.42233
3.37503 -0.27938
3.44030 -0.40665
3.40436 -0.34436
3.39105 -0.32864
3.40733 -0.33174
3.43276 -0.36828
3.41749 -0.36710
3.41672 -0.35199
3.41798 -0.34672
3.39335 -0.32341
3.40100 -0.33860
3.46320 -0.45574
3.42460 -0.38503
3.39769 -0.32753
3.37595 -0.30207
3.37926 -0.29128
3.39978 -0.31838
3.38313 -0.31106
3.42307 -0.36979
3.39518 -0.31158
3.43136 -0.37361
3.43379 -0.38233
3.44646 -0.39721
3.38264 -0.28731
3.42424 -0.37765
3.40315 -0.33050
3.37459 -0.28184
3.42399 -0.35924
3.40490 -0.32520
3.40152 -0.31412
3.38331 -0.29183
3.40994 -0.35230
3.44551 -0.40714
3.41105 -0.34889
3.39996 -0.33689
3.39612 -0.32383
3.41380 -0.34281
3.39354 -0.31322
3.43902 -0.39133
3.37889 -0.30560
3.39773 -0.30634
3.41619 -0.34677
3.41955 -0.36350
3.39089 -0.32755
3.42704 -0.36663
3.40779 -0.34894
3.43822 -0.38615
3.39053 -0.30825
3.38963 -0.31287
3.44376 -0.39392
3.43711 -0.38925
3.39968 -0.32683
3.39386 -0.30345
3.40003 -0.31512
3.40287 -0.33584
3.41297 -0.36292
3.41737 -0.37052
3.45244 -0.41753
3.44524 -0.42471
3.41594 -0.35305
3.41758 -0.36867
3.41036 -0.32571
3.39984 -0.32492
3.41484 -0.35910
3.43308 -0.38141
3.40517 -0.33333
3.40035 -0.33309
3.40987 -0.35388
3.44745 -0.40212
3.45514 -0.42434
3.41263 -0.34550
3.42581 -0.35709
3.40077 -0.35295
3.44386 -0.38541
3.40976 -0.34173
3.39039 -0.31378
3.40666 -0.34685
3.38347 -0.29255
3.40848 -0.30997
3.39617 -0.32140
3.42646 -0.36740
3.38308 -0.31360
3.39316 -0.30050
3.36960 -0.28154
3.42211 -0.34712
3.44560 -0.37976
3.40745 -0.33943
3.37006 -0.27699
3.39884 -0.32292
3.39400 -0.32339
3.41601 -0.35342
3.40456 -0.31730
3.43538 -0.39149
3.41914 -0.37439
3.40836 -0.34138
3.42770 -0.38484
3.42264 -0.37841
3.41250 -0.36988
3.42537 -0.37956
3.41660 -0.36387
3.39513 -0.28945
3.39329 -0.33190
3.38562 -0.30412
3.39647 -0.31253
3.40661 -0.34177
3.39214 -0.33304
3.38318 -0.30340
3.41323 -0.35575
3.37203 -0.28970
3.39251 -0.33724
3.46926 -0.45418
3.43704 -0.35750
3.39920 -0.33782
3.43653 -0.42423
3.39788 -0.32742
3.37895 -0.29177
3.40126 -0.32610
3.38943 -0.30036
3.40978 -0.31619
3.41506 -0.34571
3.42643 -0.37389
3.40655 -0.34040
3.42688 -0.37707
3.43600 -0.39600
3.39191 -0.30719
3.39513 -0.35542
3.44645 -0.38720
3.39803 -0.30138
3.40497 -0.33489
3.38553 -0.31290
3.43558 -0.41909
3.40404 -0.34475
3.39663 -0.32516
3.36255 -0.26797
3.43014 -0.35667
3.39869 -0.33291
3.42375 -0.38579
3.43188 -0.40790
3.45003 -0.40638
3.39423 -0.32857
3.41499 -0.34618
3.39339 -0.30426
3.39756 -0.33656
3.41754 -0.34984
3.41173 -0.34322
3.39575 -0.32396
3.38646 -0.30349
3.41186 -0.29763
3.45038 -0.41018
3.40048 -0.33037
3.45517 -0.41042
3.44537 -0.40722
3.41194 -0.33500
3.39989 -0.32869
3.41015 -0.33864
3.42342 -0.35619
3.40221 -0.32481
3.39966 -0.31424
3.34922 -0.26236
3.41357 -0.33528
3.37791 -0.30208
3.39761 -0.31362
3.42441 -0.34108
3.36518 -0.25434
3.39046 -0.34576
3.42101 -0.38216
3.38981 -0.31493
3.43418 -0.38511
3.42926 -0.34784
3.42072 -0.35472
3.39120 -0.32971
3.40849 -0.35058
3.40683 -0.33732
3.43090 -0.38096
3.42583 -0.35538
3.41121 -0.33668
3.39891 -0.32014
3.41125 -0.33748
3.41622 -0.37326
3.40559 -0.35007
3.42375 -0.36581
3.39809 -0.32311
3.41718 -0.35797
3.39747 -0.31015
3.40820 -0.32854
3.37713 -0.29102
3.42085 -0.35883
3.43637 -0.39672
3.42591 -0.37019
3.39363 -0.32046
3.40822 -0.35448
3.43894 -0.40198
3.40506 -0.33171
3.41223 -0.36143
3.40597 -0.34071
3.41401 -0.35001
3.39729 -0.31008
3.41890 -0.35444
3.46065 -0.46063
3.36188 -0.27288
3.41103 -0.36118
3.39787 -0.35190
3.37634 -0.29224
3.38873 -0.29685
3.40923 -0.35179
3.37190 -0.28701
3.41493 -0.35485
3.40501 -0.33043
3.41357 -0.34926
3.42033 -0.35155
3.39217 -0.32370
3.41260 -0.38223
