8 1.94 8.79
8 1.94 8.80
8 1.92 8.82
8 1.90 8.87
8 1.98 8.74
8 1.91 8.82
8 1.98 8.83
8 1.97 8.75
8 1.98 8.88
8 1.93 8.81
16 1.25 4.80
16 1.26 4.81
16 1.25 4.84
16 1.26 4.75
16 1.28 4.83
16 1.25 4.77
16 1.26 4.80
16 1.27 4.86
16 1.27 4.80
16 1.28 4.95
24 1.08 3.29
24 1.06 3.27
24 1.06 3.24
24 1.08 3.26
24 1.07 3.22
24 1.08 3.26
24 1.07 3.25
24 1.09 3.20
24 1.08 3.21
24 1.07 3.26
32 1.01 2.49
32 1.00 2.43
32 1.00 2.44
32 1.00 2.43
32 1.00 2.42
32 1.00 2.42
32 1.00 2.42
32 1.00 2.41
32 1.01 2.40
32 1.00 2.41
40 0.92 2.27
40 0.93 2.27
40 0.90 2.33
40 0.91 2.25
40 0.92 2.25
40 0.91 2.24
40 0.92 2.36
40 0.92 2.26
40 0.91 2.28
40 0.92 2.24
48 0.86 1.95
48 0.92 1.97
48 0.87 1.92
48 0.87 1.95
48 0.89 2.20
48 0.87 1.95
48 0.87 1.88
48 0.87 1.93
48 0.86 1.91
48 0.87 1.95
56 0.85 1.73
56 0.83 1.75
56 0.84 1.77
56 0.87 1.85
56 0.84 1.77
56 0.84 1.85
56 0.84 1.74
56 0.84 1.73
56 0.85 1.76
56 0.86 1.85
64 0.89 1.56
64 0.91 1.54
64 0.87 1.57
64 0.90 1.60
64 0.88 1.56
64 0.84 1.53
64 0.90 1.55
64 0.94 1.55
64 0.86 1.55
64 0.89 1.54